0.	0.
0.005	0.05161080788703507
0.01	0.10126048495669629
0.015	0.14902251794991037
0.02	0.19496759802143943
0.025	0.2391637308823775
0.03	0.28167634241254763
0.035	0.32256837993610143
0.04	0.36190040934503864
0.045	0.39973070824717977
0.05	0.43611535530731094
0.055	0.4711083159427623
0.06	0.5047615245275734
0.065	0.5371249632526033
0.07	0.5682467377824632
0.075	0.5981731498439672
0.08	0.6246136166012302
0.085	0.6462856550280932
0.09	0.6672659763063136
0.095	0.687599313801418
0.1	0.7073249303361703
0.105	0.7264775266432427
0.11	0.7450879626236584
0.115	0.7631838367455868
0.12	0.7807899564451345
0.125	0.7979287237260678
0.13	0.8146204540304701
0.135	0.8308836420536838
0.14	0.8467351849720841
0.145	0.8621905711862013
0.15	0.8772640409135863
0.155	0.8919687236295956
0.16	0.9063167563339652
0.165	0.9203193858343796
0.17	0.9339870576262975
0.17500000000000002	0.9473294934682467
0.18	0.9603557593722695
0.185	0.9730743254269261
0.19	0.9854931186278701
0.195	0.9976195696953476
0.2	1.0094606546990905
0.20500000000000002	1.0210229321812871
0.21	1.032312576361732
0.215	1.0433354069212686
0.22	1.054096915786637
0.225	1.0646022912790079
0.23	1.074477387391149
0.23500000000000001	1.0840507964557635
0.24	1.0933888822551332
0.245	1.1024959330320983
0.25	1.1113760159435369
0.255	1.1200329913147982
0.26	1.1284705256701324
0.265	1.1366921036645086
0.27	1.1447010390271586
0.275	1.1525004846142046
0.28	1.1600934416564634
0.28500000000000003	1.1674827682787507
0.29	1.1746711873584803
0.295	1.1816612937839257
0.3	1.188455561165975
0.305	1.1950563480515264
0.31	1.2014659036816022
0.315	1.2075588815979037
0.32	1.2103884416332242
0.325	1.2130649680128085
0.33	1.2155955032440209
0.335	1.2179867800841793
0.34	1.2202452322751145
0.34500000000000003	1.2223770047841231
0.35000000000000003	1.2243879635695871
0.355	1.2262837048886484
0.36	1.228069564163461
0.365	1.2297506244217342
0.37	1.2313317243264834
0.375	1.232817465809147
0.38	1.2342122213195121
0.385	1.235520140705167
0.39	1.2367451577325475
0.395	1.2378909962609754
0.4	1.2389611760804697
0.405	1.2399590184234999
0.41000000000000003	1.2408876511602682
0.41500000000000004	1.2417500136865398
0.42	1.2425488615124938
0.425	1.2432867705605346
0.43	1.2439661411794949
0.435	1.2445892018821452
0.44	1.2451580128124646
0.445	1.245674468948627
0.45	1.2461403030472151
0.455	1.2465570883337127
0.46	1.246926240943893
0.465	1.2472490221202863
0.47000000000000003	1.2475265401674789
0.47500000000000003	1.2477597521696009
0.48	1.2479494654729297
0.485	1.248096338936142
0.49	1.2482008839503536
0.495	1.2482634652306839
0.5	1.2482843013806975
0.505	1.2482634652306839
0.51	1.2482008839503536
0.515	1.248096338936142
0.52	1.2479494654729295
0.525	1.2477597521696009
0.53	1.2475265401674789
0.535	1.2472490221202865
0.54	1.2469262409438933
0.545	1.2465570883337123
0.55	1.246140303047215
0.555	1.245674468948627
0.56	1.2451580128124646
0.5650000000000001	1.2445892018821452
0.5700000000000001	1.243966141179495
0.5750000000000001	1.2432867705605348
0.58	1.2425488615124938
0.585	1.2417500136865398
0.59	1.2408876511602684
0.595	1.2399590184234999
0.6	1.2389611760804695
0.605	1.2378909962609754
0.61	1.2367451577325477
0.615	1.235520140705167
0.62	1.2342122213195121
0.625	1.232817465809147
0.63	1.2313317243264834
0.635	1.2297506244217342
0.64	1.228069564163461
0.645	1.2262837048886484
0.65	1.2243879635695871
0.655	1.2223770047841234
0.66	1.2202452322751145
0.665	1.2179867800841793
0.67	1.2155955032440209
0.675	1.2130649680128085
0.68	1.2103884416332242
0.685	1.2075588815979037
0.6900000000000001	1.201465903681602
0.6950000000000001	1.195056348051526
0.7000000000000001	1.1884555611659748
0.705	1.1816612937839255
0.71	1.1746711873584805
0.715	1.1674827682787505
0.72	1.1600934416564634
0.725	1.1525004846142048
0.73	1.1447010390271586
0.735	1.1366921036645086
0.74	1.1284705256701324
0.745	1.1200329913147982
0.75	1.1113760159435369
0.755	1.102495933032098
0.76	1.0933888822551332
0.765	1.0840507964557635
0.77	1.0744773873911488
0.775	1.0646022912790079
0.78	1.054096915786637
0.785	1.0433354069212686
0.79	1.0323125763617318
0.795	1.021022932181287
0.8	1.0094606546990903
0.805	0.9976195696953475
0.81	0.98549311862787
0.8150000000000001	0.973074325426926
0.8200000000000001	0.9603557593722695
0.8250000000000001	0.9473294934682467
0.8300000000000001	0.9339870576262972
0.835	0.9203193858343798
0.84	0.9063167563339655
0.845	0.8919687236295956
0.85	0.8772640409135863
0.855	0.8621905711862015
0.86	0.846735184972084
0.865	0.8308836420536838
0.87	0.8146204540304702
0.875	0.7979287237260678
0.88	0.7807899564451345
0.885	0.7631838367455868
0.89	0.7450879626236584
0.895	0.7264775266432427
0.9	0.7073249303361702
0.905	0.687599313801418
0.91	0.6672659763063135
0.915	0.646285655028093
0.92	0.6246136166012299
0.925	0.598173149843967
0.93	0.5682467377824627
0.935	0.537124963252603
0.9400000000000001	0.5047615245275731
0.9450000000000001	0.4711083159427618
0.9500000000000001	0.43611535530731044
0.9550000000000001	0.39973070824717927
0.96	0.36190040934503886
0.965	0.3225683799361017
0.97	0.2816763424125479
0.975	0.2391637308823777
0.98	0.19496759802143954
0.985	0.1490225179499105
0.99	0.10126048495669639
0.995	0.051610807887035114
1.	0.