0.	0.
0.005	0.0017247964142363425
0.01	0.0036702017441972413
0.015	0.005853244779991029
0.02	0.008291711628886556
0.025	0.01100414061258688
0.03	0.014009813421405386
0.035	0.017328742290463557
0.04	0.020981652969295744
0.045	0.024989963264477087
0.05	0.029375756945164058
0.055	0.03416175281382172
0.06	0.03937126875896204
0.065	0.04502818062347574
0.07	0.05115687574113285
0.075	0.05778220101506547
0.08	0.06492940543552198
0.085	0.07262407695987225
0.09	0.0808920737057021
0.095	0.08975944943779855
0.1	0.09925237336180874
0.105	0.1093970442712501
0.11	0.1202195991302255
0.115	0.13174601621150522
0.12	0.14400201294840712
0.125	0.15701293869893737
0.13	0.17080366266173377
0.135	0.1853984572252473
0.14	0.2008208770740409
0.145	0.2170936344188087
0.15	0.23423847075942997
0.155	0.2522760256327531
0.16	0.27122570283854897
0.165	0.29110553467782346
0.17	0.3119320447771111
0.17500000000000002	0.3337201101101231
0.18	0.356482822863834
0.185	0.38023135282941584
0.19	0.4049748110289967
0.195	0.4307201153166826
0.2	0.45747185871631113
0.20500000000000002	0.48523218127861956
0.21	0.5140006462566679
0.215	0.5437741214100602
0.22	0.5745466662555736
0.225	0.6063094260838915
0.23	0.6390505335590848
0.23500000000000001	0.6727550187090432
0.24	0.7074047281011051
0.245	0.7429782539775193
0.25	0.7794508741000028
0.255	0.8167945030215245
0.26	0.8549776554664908
0.265	0.8939654224578402
0.27	0.9337194607811884
0.275	0.9741979963223216
0.28	1.0153558417551256
0.28500000000000003	1.0571444289927379
0.29	1.099511856745605
0.295	1.1424029534565066
0.3	1.185759355804874
0.305	1.2295196028913724
0.31	1.2736192461289475
0.315	1.3179909747792982
0.32	1.3625647569839863
0.325	1.40726799604834
0.33	1.4520257016439122
0.335	1.4967606755027207
0.34	1.5413937110839862
0.34500000000000003	1.5863518188696033
0.35000000000000003	1.6314465357199783
0.355	1.6762102303408444
0.36	1.7205548142192442
0.365	1.764391237194057
0.37	1.8076297693241459
0.375	1.850180291692111
0.38	1.89195259489062
0.385	1.9328566838689816
0.39	1.972803087755482
0.395	2.0117031732166284
0.4	2.0494694598683068
0.405	2.086015936216548
0.41000000000000003	2.121258374577422
0.41500000000000004	2.1551146434069355
0.42	2.1875050154630187
0.425	2.218352470222869
0.43	2.2475829889902967
0.435	2.2751258411492485
0.44	2.3009138600515233
0.445	2.3248837070683552
0.45	2.346976122387481
0.455	2.3671361611983364
0.46	2.3853134139789596
0.465	2.401462209677284
0.47000000000000003	2.4155418006676355
0.47500000000000003	2.427516528458492
0.48	2.4373559692306435
0.485	2.445035058393784
0.49	2.4505341934647236
0.495	2.453839314690112
0.5	2.4549419629605516
0.505	2.4538393146901116
0.51	2.4505341934647236
0.515	2.445035058393784
0.52	2.4373559692306435
0.525	2.4275165284584923
0.53	2.415541800667634
0.535	2.401462209677285
0.54	2.3853134139789582
0.545	2.3671361611983373
0.55	2.3469761223874794
0.555	2.324883707068356
0.56	2.3009138600515207
0.5650000000000001	2.2751258411492494
0.5700000000000001	2.247582988990296
0.5750000000000001	2.218352470222869
0.58	2.1875050154630187
0.585	2.1551146434069355
0.59	2.121258374577422
0.595	2.086015936216548
0.6	2.0494694598683068
0.605	2.0117031732166284
0.61	1.972803087755482
0.615	1.9328566838689816
0.62	1.8919525948906202
0.625	1.8501802916921113
0.63	1.8076297693241459
0.635	1.7643912371940573
0.64	1.7205548142192442
0.645	1.6762102303408446
0.65	1.6314465357199786
0.655	1.5863518188696017
0.66	1.541393711083986
0.665	1.4967606755027196
0.67	1.4520257016439122
0.675	1.4072679960483392
0.68	1.362564756983986
0.685	1.3179909747792966
0.6900000000000001	1.2736192461289475
0.6950000000000001	1.2295196028913713
0.7000000000000001	1.185759355804874
0.705	1.1424029534565066
0.71	1.0995118567456064
0.715	1.0571444289927379
0.72	1.0153558417551256
0.725	0.9741979963223216
0.73	0.9337194607811884
0.735	0.8939654224578402
0.74	0.8549776554664908
0.745	0.8167945030215245
0.75	0.7794508741000028
0.755	0.7429782539775194
0.76	0.7074047281011051
0.765	0.6727550187090428
0.77	0.6390505335590848
0.775	0.6063094260838913
0.78	0.5745466662555733
0.785	0.5437741214100602
0.79	0.5140006462566679
0.795	0.48523218127861933
0.8	0.45747185871631074
0.805	0.43072011531668236
0.81	0.4049748110289962
0.8150000000000001	0.3802313528294156
0.8200000000000001	0.3564828228638337
0.8250000000000001	0.3337201101101227
0.8300000000000001	0.3119320447771108
0.835	0.29110553467782363
0.84	0.2712257028385491
0.845	0.2522760256327531
0.85	0.23423847075943
0.855	0.21709363441880883
0.86	0.20082087707404092
0.865	0.1853984572252473
0.87	0.17080366266173375
0.875	0.15701293869893737
0.88	0.14400201294840712
0.885	0.13174601621150517
0.89	0.12021959913022545
0.895	0.10939704427125009
0.9	0.09925237336180867
0.905	0.0897594494377985
0.91	0.08089207370570205
0.915	0.07262407695987219
0.92	0.06492940543552192
0.925	0.057782201015065406
0.93	0.051156875741132785
0.935	0.04502818062347566
0.9400000000000001	0.039371268758961984
0.9450000000000001	0.034161752813821666
0.9500000000000001	0.029375756945164
0.9550000000000001	0.02498996326447703
0.96	0.020981652969295772
0.965	0.017328742290463574
0.97	0.014009813421405405
0.975	0.011004140612586892
0.98	0.008291711628886566
0.985	0.005853244779991036
0.99	0.0036702017441972447
0.995	0.001724796414236344
1.	0.