0.	0.
0.005	0.00030260015459947437
0.01	0.0006152848442541061
0.015	0.0009384426078926107
0.02	0.0012724764316256148
0.025	0.0016178043190332046
0.03	0.001974859884174302
0.035	0.002344092968241477
0.04	0.002725970280821713
0.045	0.003120976066762051
0.05	0.0035296127996787816
0.055	0.003952401903190212
0.06	0.004389884500995891
0.065	0.004842622196969566
0.07	0.005311197886479376
0.075	0.005796216600196352
0.08	0.006298306381702132
0.085	0.0068181192002577575
0.09	0.007356331900148927
0.095	0.007913647188077817
0.1	0.008490794660128812
0.105	0.009088531869894226
0.11	0.009707645439407263
0.115	0.010348952214592385
0.12	0.011013300467008507
0.125	0.011701571143727763
0.13	0.012414679167262032
0.135	0.013153574787521312
0.14	0.013919244987861887
0.145	0.014712714947358698
0.15	0.015535049561514844
0.155	0.016387355023702168
0.16	0.01727078046971025
0.165	0.0181865196878666
0.17	0.019135812897279267
0.17500000000000002	0.020119948596842994
0.18	0.021140265487743125
0.185	0.02219815447228645
0.19	0.023295060731984948
0.195	0.024432485887919034
0.2	0.025611990246506774
0.20500000000000002	0.02683519513391129
0.21	0.02810378532242182
0.215	0.029419511552254116
0.22	0.03078419315232166
0.225	0.03219972076364314
0.23	0.03366805916916082
0.23500000000000001	0.03519125023385885
0.24	0.03677141595918409
0.245	0.03841076165588575
0.25	0.04011157923950518
0.255	0.04187625065286099
0.26	0.04370725141998827
0.265	0.04560715433610309
0.27	0.04757863329827386
0.275	0.04962446728159012
0.28	0.051747544465723445
0.28500000000000003	0.053950866516878464
0.29	0.05623755303022685
0.295	0.0586108461380108
0.3	0.061074115288584974
0.305	0.06363086220174503
0.31	0.06628472600575776
0.315	0.06903948856156494
0.32	0.07189907997968095
0.325	0.07486758433533264
0.33	0.07794924558741005
0.335	0.08114847370679197
0.34	0.08446985101959226
0.34500000000000003	0.08791813877082613
0.35000000000000003	0.09149828391393061
0.355	0.09521542613147221
0.36	0.09907490509225197
0.365	0.10308226794984887
0.37	0.10724327708744628
0.375	0.11156391811353664
0.38	0.11605040811280809
0.385	0.12070920415617067
0.39	0.12554701207347346
0.395	0.13057079549199505
0.4	0.13578778514324893
0.405	0.14120548844002348
0.41000000000000003	0.1468316993248706
0.41500000000000004	0.15267450839045507
0.42	0.15874231327126712
0.425	0.16504382930518174
0.43	0.17158810046219364
0.435	0.17838451053637677
0.44	0.18544279459566892
0.445	0.1927730506824827
0.45	0.20038575175634968
0.455	0.2082917578678225
0.46	0.21650232855064472
0.465	0.22502913541676345
0.47000000000000003	0.23388427493604388
0.47500000000000003	0.24308028137956303
0.48	0.2526301399020507
0.485	0.26254729973541413
0.49	0.2728456874612606
0.495	0.2835397203259304
0.5	0.29464431955668585
0.505	0.30617492363237636
0.51	0.3181475014560355
0.515	0.3305785653704431
0.52	0.3434851839506344
0.525	0.3568849944996149
0.53	0.37079621516508277
0.535	0.38523765658569575
0.54	0.4002287329652925
0.545	0.41578947246239384
0.55	0.4319405267702036
0.555	0.4487031797490887
0.56	0.4660993549590697
0.5650000000000001	0.48415162192407174
0.5700000000000001	0.5028832009424602
0.5750000000000001	0.5223179662395988
0.58	0.5424804472376691
0.585	0.5633958276956484
0.59	0.5872655552042966
0.595	0.612124027363638
0.6	0.6379198937132075
0.605	0.6646814056212326
0.61	0.6924371262524446
0.615	0.7212158811875823
0.62	0.7510467027007783
0.625	0.7819587671435357
0.63	0.8139813248420902
0.635	0.8471436218700092
0.64	0.8814748130097714
0.645	0.9170038651655281
0.65	0.9539244802324869
0.655	0.9921195571594975
0.66	1.031786079360699
0.665	1.0737195210805117
0.67	1.1193349902878853
0.675	1.1680488950594163
0.68	1.2183494833395296
0.685	1.2702516644558326
0.6900000000000001	1.3237672684193347
0.6950000000000001	1.3789047130173826
0.7000000000000001	1.4361334092620932
0.705	1.4955622904990231
0.71	1.5566499215727696
0.715	1.6193849370218778
0.72	1.6837501949031195
0.725	1.7497222767529461
0.73	1.817270958379039
0.735	1.8863586502526763
0.74	1.9569398062419376
0.745	2.0289602993954143
0.75	2.102356763456165
0.755	2.1770558987561817
0.76	2.2529737411128723
0.765	2.3300148923208166
0.77	2.4080717108047667
0.775	2.487023460973357
0.78	2.566735419787481
0.785	2.647057939032936
0.79	2.7278254617637785
0.795	2.8088554913609594
0.8	2.889947511630453
0.805	2.9708818563463155
0.81	3.051418526627004
0.8150000000000001	3.1312959545180497
0.8200000000000001	3.210229711140914
0.8250000000000001	3.287911157756784
0.8300000000000001	3.364006038085128
0.835	3.4381530102104034
0.84	3.509962116406535
0.845	3.5790131892074326
0.85	3.644854192053761
0.855	3.7069994928507546
0.86	3.764928068780028
0.865	3.818081640719443
0.87	3.865862735640201
0.875	3.907632675368704
0.88	3.9427094901233213
0.885	3.970365755262547
0.89	3.9898263497118776
0.895	4.000266134571655
0.9	4.000807550447949
0.905	3.9905181320927263
0.91	3.9978791477107203
0.915	4.001185142867603
0.92	3.9912005658287515
0.925	3.9662500198969917
0.93	3.9244940528088934
0.935	3.8639143621872525
0.9400000000000001	3.782297707879851
0.9450000000000001	3.6772184192601385
0.9500000000000001	3.546019375869787
0.9550000000000001	3.3857913292419504
0.96	3.193350422283046
0.965	2.9652137501288673
0.97	2.6975727928395226
0.975	2.3862645355607457
0.98	2.026740075752048
0.985	1.614030499650371
0.99	1.1427097911772912
0.995	0.6068545158726466
1.	0.