0.	0.
0.005	0.022150956569525038
0.01	0.04440905153062032
0.015	0.06676791792256925
0.02	0.08922110426401691
0.025	0.11176207693674228
0.03	0.13438422263089414
0.035	0.1570808508506363
0.04	0.179845196479098
0.045	0.20267042240147715
0.05	0.22554962218509567
0.055	0.24847582281515876
0.06	0.27144198748492254
0.065	0.2944410184389289
0.07	0.3174657598679196
0.075	0.3405090008539989
0.08	0.363563478364567
0.085	0.38662188029350586
0.09	0.4096768485480563
0.095	0.432720982179782
0.1	0.4557468405579768
0.105	0.47874694658383465
0.11	0.5017137899436569
0.115	0.5246398303993416
0.12	0.5475175011143584
0.125	0.5703392120133773
0.13	0.5930973531736913
0.135	0.6157842982465312
0.14	0.6383924079063497
0.145	0.6609140333261109
0.15	0.6833415196766054
0.155	0.7056672096477677
0.16	0.7278834469899645
0.165	0.7499825800731819
0.17	0.7719569654620273
0.17500000000000002	0.7937989715044339
0.18	0.815500981931939
0.185	0.8370553994693862
0.19	0.8584546494518865
0.195	0.8796911834468553
0.2	0.9007574828789313
0.20500000000000002	0.9216460626555688
0.21	0.9423494747910848
0.215	0.9628603120269313
0.22	0.9831712114459624
0.225	1.0032748580784485
0.23	1.023163988497598
0.23500000000000001	1.0428313944023377
0.24	1.0622699261851014
0.245	1.0814724964823816
0.25	1.1004320837058
0.255	1.1191417355514568
0.26	1.1375945724853223
0.265	1.1557837912024493
0.27	1.173702668057789
0.275	1.1913445624663992
0.28	1.2087029202708648
0.28500000000000003	1.2257712770737432
0.29	1.24208759366804
0.295	1.2580778576186964
0.3	1.273758986679339
0.305	1.2891256891264453
0.31	1.3041727700054038
0.315	1.318895133515771
0.32	1.3332877853553526
0.325	1.347345835021746
0.33	1.361064498069992
0.335	1.374439098325012
0.34	1.3874650700475182
0.34500000000000003	1.4001379600521364
0.35000000000000003	1.4124534297764688
0.355	1.4244072572998956
0.36	1.4359953393109002
0.365	1.4472136930217585
0.37	1.4580584580294604
0.375	1.4685258981217417
0.38	1.4786124030271657
0.385	1.4883144901081988
0.39	1.497628805996275
0.395	1.5065521281678695
0.4	1.5150813664606406
0.405	1.5232135645287235
0.41000000000000003	1.5309459012363158
0.41500000000000004	1.538275691988705
0.42	1.5452003899999462
0.425	1.5517175874964235
0.43	1.5578250168555772
0.435	1.563520551679095
0.44	1.5688022077999453
0.445	1.573668144222615
0.45	1.5781166639960158
0.455	1.5821462150184995
0.46	1.5857553907745279
0.465	1.5889429310025223
0.47000000000000003	1.5917077222935139
0.47500000000000003	1.5940487986202112
0.48	1.5959653417961837
0.485	1.5974566818648654
0.49	1.59852229741816
0.495	1.5991618158444398
0.5	1.5993750135057974
0.505	1.5991618158444396
0.51	1.59852229741816
0.515	1.5974566818648654
0.52	1.5959653417961837
0.525	1.5940487986202114
0.53	1.5917077222935136
0.535	1.5889429310025225
0.54	1.5857553907745274
0.545	1.5821462150184997
0.55	1.5781166639960156
0.555	1.5736681442226153
0.56	1.5688022077999453
0.5650000000000001	1.5635205516790953
0.5700000000000001	1.557825016855577
0.5750000000000001	1.5517175874964237
0.58	1.5452003899999462
0.585	1.538275691988705
0.59	1.5309459012363158
0.595	1.5232135645287235
0.6	1.5150813664606406
0.605	1.5065521281678695
0.61	1.497628805996275
0.615	1.488314490108199
0.62	1.4786124030271655
0.625	1.4685258981217417
0.63	1.4580584580294604
0.635	1.4472136930217585
0.64	1.4359953393109002
0.645	1.4244072572998958
0.65	1.4124534297764686
0.655	1.4001379600521362
0.66	1.3874650700475182
0.665	1.3744390983250117
0.67	1.361064498069992
0.675	1.347345835021746
0.68	1.3332877853553526
0.685	1.318895133515771
0.6900000000000001	1.3041727700054035
0.6950000000000001	1.289125689126445
0.7000000000000001	1.273758986679339
0.705	1.2580778576186964
0.71	1.2420875936680402
0.715	1.2257712770737432
0.72	1.2087029202708648
0.725	1.1913445624663992
0.73	1.173702668057789
0.735	1.1557837912024493
0.74	1.1375945724853223
0.745	1.1191417355514568
0.75	1.1004320837058
0.755	1.0814724964823814
0.76	1.0622699261851014
0.765	1.0428313944023375
0.77	1.0231639884975978
0.775	1.0032748580784483
0.78	0.9831712114459623
0.785	0.9628603120269312
0.79	0.9423494747910846
0.795	0.9216460626555687
0.8	0.900757482878931
0.805	0.8796911834468552
0.81	0.8584546494518863
0.8150000000000001	0.8370553994693861
0.8200000000000001	0.8155009819319388
0.8250000000000001	0.7937989715044336
0.8300000000000001	0.771956965462027
0.835	0.7499825800731822
0.84	0.7278834469899648
0.845	0.7056672096477679
0.85	0.6833415196766055
0.855	0.660914033326111
0.86	0.6383924079063497
0.865	0.6157842982465312
0.87	0.5930973531736913
0.875	0.5703392120133773
0.88	0.5475175011143584
0.885	0.5246398303993416
0.89	0.5017137899436568
0.895	0.4787469465838346
0.9	0.4557468405579767
0.905	0.43272098217978183
0.91	0.4096768485480562
0.915	0.38662188029350564
0.92	0.36356347836456665
0.925	0.34050900085399866
0.93	0.3174657598679194
0.935	0.29444101843892867
0.9400000000000001	0.2714419874849223
0.9450000000000001	0.24847582281515845
0.9500000000000001	0.22554962218509536
0.9550000000000001	0.20267042240147684
0.96	0.17984519647909816
0.965	0.15708085085063644
0.97	0.13438422263089425
0.975	0.11176207693674237
0.98	0.08922110426401701
0.985	0.06676791792256934
0.99	0.044409051530620365
0.995	0.02215095656952506
1.	0.