0.	0.
0.005	0.022963714382549977
0.01	0.0459974383186436
0.015	0.06909496677890857
0.02	0.09225003464704862
0.025	0.11545631892015717
0.03	0.13870744095049628
0.035	0.16199696872779004
0.04	0.1853184192010494
0.045	0.20866526063891666
0.05	0.23203091502748752
0.055	0.2554087605045393
0.06	0.27879213382906626
0.065	0.3021743328849929
0.07	0.32554861921791156
0.075	0.34890822060366117
0.08	0.3722463336475391
0.085	0.3955561264129126
0.09	0.4188307410779699
0.095	0.44206329661933097
0.1	0.46524689152120813
0.105	0.48837460650879005
0.11	0.5114395073044976
0.115	0.5344346474057393
0.12	0.5573530708827755
0.125	0.5801878151952775
0.13	0.6029319140261529
0.135	0.625578400131189
0.14	0.6481203082030499
0.145	0.6705506777481435
0.15	0.6928625559748677
0.155	0.7150490006917205
0.16	0.7371030832137546
0.165	0.7590178912758397
0.17	0.7807865319511861
0.17500000000000002	0.8024021345735726
0.18	0.8238578536617139
0.185	0.8451468718441915
0.19	0.8662624027833681
0.195	0.8871976940966982
0.2	0.9079460302738408
0.20500000000000002	0.9285007355879776
0.21	0.948855176999741
0.215	0.9690027670521421
0.22	0.9889369667549057
0.225	1.0086512884566023
0.23	1.028139298702981
0.23500000000000001	1.0473946210799008
0.24	1.06641093903927
0.245	1.0851819987063966
0.25	1.1037016116671727
0.255	1.1219636577335044
0.26	1.1399620876854268
0.265	1.1576909259883377
0.27	1.1751442734837954
0.275	1.1923163100523464
0.28	1.2092012972468502
0.28500000000000003	1.2257978450622273
0.29	1.2425432615328789
0.295	1.2590125986174447
0.3	1.2751731128225874
0.305	1.291018731340575
0.31	1.3065434871863708
0.315	1.3217415222755822
0.32	1.336607090452754
0.325	1.3511345604680147
0.33	1.3653184189001
0.335	1.3791532730238285
0.34	1.3926338536201122
0.34500000000000003	1.4057550177266431
0.35000000000000003	1.418511751327419
0.355	1.4308991719793152
0.36	1.442912531373937
0.365	1.45454721783305
0.37	1.465798758735904
0.375	1.476662822876821
0.38	1.487135222751466
0.385	1.4972119167702458
0.39	1.5068890113973628
0.395	1.5161627632140555
0.4	1.5250295809046475
0.405	1.533486027164047
0.41000000000000003	1.541528820525411
0.41500000000000004	1.5491548371067287
0.42	1.556361112275137
0.425	1.5631448422278382
0.43	1.5695033854885407
0.435	1.5754342643184027
0.44	1.5809351660405206
0.445	1.5860039442770473
0.45	1.5906386200981115
0.455	1.5948373830817335
0.46	1.5985985922840311
0.465	1.6019207771190311
0.47000000000000003	1.6048026381475113
0.47500000000000003	1.6072430477742985
0.48	1.609241050853577
0.485	1.6107958652017682
0.49	1.6119068820176456
0.495	1.6125736662093884
0.5	1.6127959566283505
0.505	1.6125736662093886
0.51	1.6119068820176456
0.515	1.610795865201768
0.52	1.609241050853577
0.525	1.6072430477742987
0.53	1.6048026381475111
0.535	1.6019207771190311
0.54	1.5985985922840307
0.545	1.5948373830817342
0.55	1.5906386200981115
0.555	1.5860039442770475
0.56	1.5809351660405202
0.5650000000000001	1.575434264318403
0.5700000000000001	1.5695033854885405
0.5750000000000001	1.5631448422278382
0.58	1.556361112275137
0.585	1.5491548371067287
0.59	1.5415288205254112
0.595	1.533486027164047
0.6	1.5250295809046475
0.605	1.5161627632140555
0.61	1.5068890113973625
0.615	1.497211916770246
0.62	1.4871352227514658
0.625	1.476662822876821
0.63	1.465798758735904
0.635	1.45454721783305
0.64	1.442912531373937
0.645	1.4308991719793152
0.65	1.418511751327419
0.655	1.4057550177266427
0.66	1.392633853620112
0.665	1.3791532730238285
0.67	1.3653184189001002
0.675	1.3511345604680143
0.68	1.3366070904527543
0.685	1.3217415222755822
0.6900000000000001	1.3065434871863706
0.6950000000000001	1.2910187313405748
0.7000000000000001	1.2751731128225874
0.705	1.259012598617445
0.71	1.242543261532879
0.715	1.2257978450622273
0.72	1.2092012972468502
0.725	1.1923163100523464
0.73	1.1751442734837954
0.735	1.1576909259883377
0.74	1.1399620876854268
0.745	1.1219636577335041
0.75	1.1037016116671727
0.755	1.0851819987063966
0.76	1.06641093903927
0.765	1.0473946210799006
0.77	1.0281392987029807
0.775	1.0086512884566021
0.78	0.9889369667549056
0.785	0.969002767052142
0.79	0.9488551769997409
0.795	0.9285007355879775
0.8	0.9079460302738405
0.805	0.8871976940966981
0.81	0.866262402783368
0.8150000000000001	0.8451468718441912
0.8200000000000001	0.8238578536617138
0.8250000000000001	0.8024021345735723
0.8300000000000001	0.7807865319511857
0.835	0.75901789127584
0.84	0.7371030832137548
0.845	0.7150490006917206
0.85	0.6928625559748678
0.855	0.6705506777481436
0.86	0.6481203082030499
0.865	0.625578400131189
0.87	0.6029319140261529
0.875	0.5801878151952775
0.88	0.5573530708827755
0.885	0.5344346474057393
0.89	0.5114395073044976
0.895	0.48837460650879
0.9	0.465246891521208
0.905	0.4420632966193308
0.91	0.41883074107796975
0.915	0.3955561264129124
0.92	0.3722463336475389
0.925	0.348908220603661
0.93	0.3255486192179113
0.935	0.3021743328849926
0.9400000000000001	0.278792133829066
0.9450000000000001	0.2554087605045391
0.9500000000000001	0.2320309150274872
0.9550000000000001	0.2086652606389163
0.96	0.18531841920104955
0.965	0.16199696872779018
0.97	0.13870744095049642
0.975	0.11545631892015727
0.98	0.09225003464704871
0.985	0.06909496677890865
0.99	0.045997438318643634
0.995	0.022963714382549995
1.	0.