0.	0.
0.005	0.00006190769028880365
0.01	0.00012792152073077236
0.015	0.00019825937092575772
0.02	0.00027314989202109315
0.025	0.00035283302330666377
0.03	0.000437560533126471
0.035	0.0005275965852288672
0.04	0.0006232183317277895
0.045	0.0007247165338996383
0.05	0.0008323962120949323
0.055	0.0009465773261005993
0.06	0.0010675954873479222
0.065	0.0011958027044226423
0.07	0.0013315681633978608
0.075	0.0014752790445769532
0.08	0.0016273413773032037
0.085	0.0017881809345648867
0.09	0.00195824416919964
0.095	0.002137999193579926
0.1	0.002327936804742417
0.105	0.0025285715570083607
0.11	0.0027404428842293946
0.115	0.002964116273884046
0.12	0.0032001844953443797
0.125	0.0034492688847299205
0.13	0.0037120206888673238
0.135	0.003989122470979237
0.14	0.004281289580834637
0.145	0.004589271692205477
0.15	0.004913854410591104
0.155	0.005255860954292489
0.16	0.005616153912042913
0.165	0.005995637080530568
0.17	0.006395257385281472
0.17500000000000002	0.006816006888508336
0.18	0.0072589248876723566
0.185	0.007725100108650882
0.19	0.008215672997553462
0.195	0.008731838115383875
0.2	0.009274846639903153
0.20500000000000002	0.009846008979212792
0.21	0.010446697501742807
0.215	0.011078349387501572
0.22	0.011742469605618288
0.225	0.012440634023388306
0.23	0.013174492652213581
0.23500000000000001	0.013945773036016249
0.24	0.014756283787892342
0.245	0.01560791828096421
0.25	0.016502658499584648
0.255	0.0174425790572416
0.26	0.018429851387710732
0.265	0.019466748116201697
0.27	0.02055564761744349
0.275	0.021699038767853594
0.28	0.022899525899133657
0.28500000000000003	0.024159833960830768
0.29	0.025482813899596966
0.295	0.02687144826306898
0.3	0.028328857036474503
0.305	0.029858303720248922
0.31	0.03146320165711655
0.315	0.03314712061724916
0.32	0.03491379365026442
0.325	0.03676712421295947
0.33	0.03871119358179531
0.335	0.040750268559245593
0.34	0.04288880948320387
0.34500000000000003	0.0451314785486962
0.35000000000000003	0.04748314845117341
0.355	0.04994891136065138
0.36	0.05253408823592872
0.365	0.05524423848802814
0.37	0.05808517000188549
0.375	0.06106294952513194
0.38	0.06418391343258459
0.385	0.06745467887476593
0.39	0.07088215531840807
0.395	0.07447355648645738
0.4	0.07823641270456737
0.405	0.0821785836604462
0.41000000000000003	0.08630827158169924
0.41500000000000004	0.09063403483696397
0.42	0.09516480196416603
0.425	0.09990988612861403
0.43	0.10487900001238622
0.435	0.11008227113502934
0.44	0.11553025760396533
0.445	0.12123396429118002
0.45	0.12720485943071363
0.455	0.13345489162918062
0.46	0.13999650727897692
0.465	0.14684266836097687
0.47000000000000003	0.15400687062033513
0.47500000000000003	0.16150316209548046
0.48	0.16934616197646163
0.485	0.17755107976447657
0.49	0.18613373469960812
0.495	0.19511057541850388
0.5	0.20449869979788768
0.505	0.21431587493336096
0.51	0.22458055719586792
0.515	0.23531191230041357
0.52	0.24652983531307254
0.525	0.2582549705129391
0.53	0.27050873101537726
0.535	0.28331331805164944
0.54	0.2966917397876512
0.545	0.3106678295509623
0.55	0.32526626332064035
0.555	0.3405125763180258
0.56	0.35643317851917455
0.5650000000000001	0.37305536889026036
0.5700000000000001	0.39040734812625594
0.5750000000000001	0.4085182296502583
0.58	0.4274180486058055
0.585	0.44713776854727416
0.59	0.46770928550373103
0.595	0.4891654290592858
0.6	0.5115399600577598
0.605	0.5348675645011782
0.61	0.5591838431698979
0.615	0.5845252964468531
0.62	0.609216480141671
0.625	0.632616032612934
0.63	0.6544806018245696
0.635	0.6772366472939767
0.64	0.7009216123354662
0.645	0.725574345813758
0.65	0.7512351261133017
0.655	0.777945681067016
0.66	0.8057492030413805
0.665	0.8346903582656809
0.67	0.864815289370745
0.675	0.8961716099650662
0.68	0.9288083899220532
0.685	0.9627761298792771
0.6900000000000001	0.9981267232568057
0.6950000000000001	1.0349134038845527
0.7000000000000001	1.073190677085246
0.705	1.1130142317870853
0.71	1.1544408309349048
0.715	1.1975281771268882
0.72	1.2423347500212463
0.725	1.2889196116289303
0.73	1.3373421751290568
0.735	1.3876619323071995
0.74	1.4399381341163
0.745	1.494229418188161
0.75	1.5505933763717747
0.755	1.6090860545337398
0.76	1.66976137591508
0.765	1.732670478286076
0.77	1.797860953962984
0.775	1.8653759804329142
0.78	1.935253327858967
0.785	2.0075242280884726
0.79	2.082212087941831
0.795	2.1593310274947513
0.8	2.238884221756335
0.805	2.320862021560152
0.81	2.405239826592223
0.8150000000000001	2.4919756802417967
0.8200000000000001	2.5810075523365548
0.8250000000000001	2.6722502717669987
0.8300000000000001	2.765592066463178
0.835	2.8608906631021433
0.84	2.9579688932310693
0.845	3.056609746115067
0.85	3.15655080147805
0.855	3.257477967306281
0.86	3.3590184389237705
0.865	3.4607327855090153
0.87	3.562106058972309
0.875	3.662537807504234
0.88	3.76133086197255
0.885	3.8576787475000502
0.89	3.950651554789596
0.895	4.039180085838473
0.9	4.12203806633629
0.905	4.197822191969949
0.91	4.264929747728751
0.915	4.32153350773362
0.92	4.329675413024022
0.925	4.3114601633078635
0.93	4.274517888931181
0.935	4.216545577163978
0.9400000000000001	4.135019185800943
0.9450000000000001	4.02717431883072
0.9500000000000001	3.889985284511546
0.9550000000000001	3.720142403306332
0.96	3.514027422373752
0.965	3.2676868816854343
0.97	2.976803264272065
0.975	2.6366637495165075
0.98	2.2421263737284005
0.985	1.7875833863618533
0.99	1.266921573080337
0.995	0.6734792983258069
1.	0.