0.	0.
0.005	0.0032068877960206204
0.01	0.006280949466270037
0.015	0.009230192924985779
0.02	0.012062193861067043
0.025	0.014784122767938527
0.03	0.017402770283773
0.035	0.019924570956785157
0.04	0.022355625542344423
0.045	0.024701721931273353
0.05	0.02696835480185806
0.055	0.029160744081756215
0.06	0.0312838523001109
0.065	0.03334240090472699
0.07	0.035340885614113866
0.075	0.03728359086950923
0.08	0.03917460344765223
0.085	0.04101782529103915
0.09	0.04281698560865459
0.095	0.044575652296698826
0.1	0.046297242725611046
0.105	0.04798503393670109
0.11	0.049642172288929365
0.115	0.05127168259380251
0.12	0.052876476773968444
0.125	0.05445936207887985
0.13	0.056023048888845704
0.135	0.05757015813688686
0.14	0.05910322837605083
0.145	0.06062472251820619
0.15	0.06213703426882757
0.155	0.06364249428088085
0.16	0.0651433760496258
0.165	0.0666419015689569
0.17	0.06814024676880054
0.17500000000000002	0.06964054675206702
0.18	0.07114490084872012
0.185	0.07265537750366484
0.19	0.07417401901436046
0.195	0.07570284613334584
0.2	0.07724386255019579
0.20500000000000002	0.07879905926683019
0.21	0.08037041887954423
0.215	0.08195991978063749
0.22	0.0835695402920714
0.225	0.08520126274318637
0.23	0.08685707750415833
0.23500000000000001	0.08853898698656104
0.24	0.09024900962213163
0.245	0.09198918383060462
0.25	0.09376157198728624
0.255	0.09556826440088151
0.26	0.09741138331196227
0.265	0.09929308692237508
0.27	0.10121557346582617
0.275	0.10318108532985536
0.28	0.10519191323941267
0.28500000000000003	0.10725040051228177
0.29	0.10935894739665682
0.295	0.11152001550126701
0.3	0.11373613232855917
0.305	0.11600989592159168
0.31	0.11834397963546403
0.315	0.12074113704429987
0.32	0.12320420699502435
0.325	0.1257361188194226
0.33	0.12833989771623905
0.335	0.13101867031537098
0.34	0.1337756704365337
0.34500000000000003	0.1366142450551149
0.35000000000000003	0.13953786048830863
0.355	0.14255010881500157
0.36	0.14565471454330836
0.365	0.14885554154007366
0.37	0.15215660023712513
0.375	0.15556205512952803
0.38	0.15907623258159048
0.385	0.16270362895687646
0.39	0.16644891908901013
0.395	0.17031696511059868
0.4	0.17431282565814957
0.405	0.1784417654714231
0.41000000000000003	0.18270926540622864
0.41500000000000004	0.1871210328802469
0.42	0.1916830127720304
0.425	0.1964013987939022
0.43	0.20128264536003282
0.435	0.20633347997151266
0.44	0.21156091614075995
0.445	0.21697226687809376
0.45	0.22257515876374825
0.455	0.22837754662901563
0.46	0.23438772887053635
0.465	0.24061436342203654
0.47000000000000003	0.247066484407986
0.47500000000000003	0.2537535195037381
0.48	0.260685308026661
0.485	0.26787211978259345
0.49	0.2753246746915942
0.495	0.28305416321641746
0.5	0.29107226761636623
0.505	0.2993911840481517
0.51	0.30802364553405664
0.515	0.31698294581603326
0.52	0.3262829641123163
0.525	0.3359381907906229
0.53	0.34596375396902096
0.535	0.3563754470519567
0.54	0.3671897572047206
0.545	0.37842389476465155
0.55	0.39009582358159545
0.555	0.4022242922733825
0.56	0.4148288663742903
0.5650000000000001	0.42792996134544997
0.5700000000000001	0.4415488764057967
0.5750000000000001	0.4557078291302767
0.58	0.47042999074843334
0.585	0.485739522060959
0.59	0.5016616098741067
0.595	0.5182225038317215
0.6	0.5365503654627685
0.605	0.5561259329838498
0.61	0.5771366596205239
0.615	0.5992927181679809
0.62	0.6223395680807845
0.625	0.6463123016109473
0.63	0.6712471522745038
0.635	0.6997874818752301
0.64	0.7296734737961641
0.645	0.7607613911161114
0.65	0.7938628194914614
0.655	0.8288177585428989
0.66	0.8651611498940046
0.665	0.9029361173011278
0.67	0.942185993554716
0.675	0.9829541843461095
0.68	1.0252840141429966
0.685	1.069218552311935
0.6900000000000001	1.1148004175713053
0.6950000000000001	1.162071558690002
0.7000000000000001	1.2110730091651025
0.705	1.2618446134144379
0.71	1.3144247218062666
0.715	1.3688498516167196
0.72	1.4251543107549596
0.725	1.4833697808244104
0.73	1.543524855794409
0.735	1.6056445322382433
0.74	1.6697496467488957
0.745	1.735856255770729
0.75	1.8039749526814959
0.755	1.8741101165220233
0.76	1.9462590862978926
0.765	2.020411254265626
0.77	2.096547071062048
0.775	2.1746369549362745
0.78	2.25464009669549
0.785	2.336503151274361
0.79	2.420158806079289
0.795	2.5055242154380424
0.8	2.592499289597793
0.805	2.680964825754497
0.81	2.7707804675584295
0.8150000000000001	2.8617824784177968
0.8200000000000001	2.9537813127082257
0.8250000000000001	3.0465589676829103
0.8300000000000001	3.139866097458455
0.835	3.2334188689163734
0.84	3.3268955377003313
0.845	3.4199327206946335
0.85	3.5121213394292172
0.855	3.603002206758761
0.86	3.692061226895669
0.865	3.778724176425109
0.87	3.8623510312798786
0.875	3.9422298017877804
0.88	4.017569834806991
0.885	4.08749453861683
0.89	4.151033482612322
0.895	4.207113819938663
0.9	4.254550976973086
0.905	4.300161119333552
0.91	4.34248533178612
0.915	4.372521567819327
0.92	4.388365625372619
0.925	4.394625882199492
0.93	4.406066674787333
0.935	4.396832957751952
0.9400000000000001	4.363477943316943
0.9450000000000001	4.302101183666145
0.9500000000000001	4.208292646580399
0.9550000000000001	4.077070013334192
0.96	3.902808375607304
0.965	3.679161407060465
0.97	3.3989729715076105
0.975	3.0541780016896465
0.98	2.6356913387081864
0.985	2.1332830601701116
0.99	1.5354386427177202
0.995	0.8292020992670165
1.	0.