0.	0.
0.005	0.04587988010805284
0.01	0.09022792554900759
0.015	0.13309566997139954
0.02	0.17453287325603511
0.025	0.21458758479221146
0.03	0.25330620438316465
0.035	0.29073354087283243
0.04	0.32691286858228197
0.045	0.3618859816405726
0.05	0.3956932462913918
0.055	0.4283736512535185
0.06	0.4599648562100184
0.065	0.490503238498052
0.07	0.5200239380682915
0.075	0.5485609007801656
0.08	0.576146920096491
0.085	0.6028136772385073
0.09	0.6285917798598851
0.095	0.6535107992959378
0.1	0.6775993064420185
0.105	0.7008849063129355
0.11	0.7233942713331506
0.115	0.745153173405544
0.12	0.766186514804632
0.125	0.7865183579383057
0.13	0.8061719540203943
0.135	0.8251697706947053
0.14	0.8435335186495597
0.145	0.8612841772603143
0.15	0.8784420192958702
0.155	0.8950266347237527
0.16	0.911056953646975
0.165	0.9265512684045956
0.17	0.941527254866618
0.17500000000000002	0.9560019929526685
0.18	0.9699919864027403
0.185	0.9835131818271671
0.19	0.9965809870619257
0.195	1.009210288854338
0.2	1.0214154699032592
0.20500000000000002	1.0332104252768852
0.21	1.0446085782304042
0.215	1.0556228954448452
0.22	1.0662659017076308
0.225	1.0765496940545292
0.23	1.0864859553919362
0.23500000000000001	1.0960859676176524
0.24	1.105360624257617
0.245	1.1143204426353588
0.25	1.122975575590264
0.255	1.1313358227601196
0.26	1.1394106414427718
0.265	1.1472091570511553
0.27	1.1547401731753606
0.275	1.162012181264881
0.28	1.1690333699436282
0.28500000000000003	1.1758116339698124
0.29	1.18235458285228
0.295	1.1886695491344337
0.3	1.1947635963564047
0.305	1.2006435267057005
0.31	1.206315888366128
0.315	1.211786982574389
0.32	1.2170628703933353
0.325	1.2221493792105027
0.33	1.2273604039996353
0.335	1.2339298419798752
0.34	1.2406470099759586
0.34500000000000003	1.2471694610660287
0.35000000000000003	1.2535004461954784
0.355	1.2596430807959809
0.36	1.2656003468083863
0.365	1.2713750946078128
0.37	1.2769700448324999
0.375	1.2823877901179137
0.38	1.2876307967375122
0.385	1.2927014061514939
0.39	1.297601836464771
0.395	1.302334183795338
0.4	1.3069004235541188
0.405	1.3113024116373113
0.41000000000000003	1.3155418855321523
0.41500000000000004	1.3196204653369794
0.42	1.3235396546963658
0.425	1.327300841652046
0.43	1.3309052994102757
0.435	1.3343541870261928
0.44	1.3376485500056796
0.445	1.340789320825156
0.45	1.343777319369655
0.455	1.3466132532894737
0.46	1.3492977182756152
0.465	1.351831198254165
0.47000000000000003	1.3542140654996884
0.47500000000000003	1.3564497625674985
0.48	1.35857616063899
0.485	1.3605522304213133
0.49	1.3623778813136356
0.495	1.3640529105798314
0.5	1.365577002956079
0.505	1.3669497301763323
0.51	1.3681705504151618
0.515	1.3692388076473945
0.52	1.3701537309239094
0.525	1.3709144335628685
0.53	1.3715199122555959
0.535	1.3719690460862322
0.54	1.3722605954642306
0.545	1.372393200968673
0.55	1.3723653821033057
0.555	1.3721755359611318
0.56	1.371821935797292
0.5650000000000001	1.3713027295089086
0.5700000000000001	1.3706159380204674
0.5750000000000001	1.3697594535732345
0.58	1.3687310379171238
0.585	1.3675283204033313
0.59	1.366148795975973
0.595	1.364589823060868
0.6	1.3628486213495168
0.605	1.3609222694762237
0.61	1.358807702586224
0.615	1.3565017097925687
0.62	1.3540009315194186
0.625	1.3513018567293025
0.63	1.3484008200317708
0.635	1.3452939986707841
0.64	1.3419774093880505
0.645	1.3384469051594117
0.65	1.3346981718012632
0.655	1.3307267244438683
0.66	1.3265279038682989
0.665	1.3220968727036073
0.67	1.3174286114807015
0.675	1.3125179145392598
0.68	1.3073593857838777
0.685	1.301947434285497
0.6900000000000001	1.2962762697240153
0.6950000000000001	1.2903398976678222
0.7000000000000001	1.2841321146858542
0.705	1.2776465032875868
0.71	1.2708764266862211
0.715	1.2638150233801555
0.72	1.2564552015476333
0.725	1.248789633249298
0.73	1.2408107484331785
0.735	1.232510728736441
0.74	1.223881501078036
0.745	1.2149147310361599
0.75	1.2056018160042432
0.755	1.195955991771939
0.76	1.1863885719431257
0.765	1.1764491997861894
0.77	1.1661274162402786
0.775	1.1554124205344625
0.78	1.144293060333102
0.785	1.1327578215447782
0.79	1.120794817783947
0.795	1.1083917794741043
0.8	1.0955360425808192
0.805	1.0822145369625893
0.81	1.0684137743270157
0.8150000000000001	1.054119835779354
0.8200000000000001	1.0393183589500248
0.8250000000000001	1.0239945246871713
0.8300000000000001	1.0081330432998594
0.835	0.9918151091329666
0.84	0.9752093952060826
0.845	0.9580109839774867
0.85	0.940201425494309
0.855	0.9217616652410511
0.86	0.9026720247180411
0.865	0.8833123466663704
0.87	0.8637812223483468
0.875	0.8435095798056795
0.88	0.8224712795516429
0.885	0.8006392464172852
0.89	0.7779854356986596
0.895	0.7544807979976071
0.9	0.730095242704366
0.905	0.7047976000681145
0.91	0.6785555817992996
0.915	0.6513357401452408
0.92	0.623103425378056
0.925	0.5938227416313768
0.93	0.5634565010196564
0.935	0.531966175971078
0.9400000000000001	0.49931184970215925
0.9450000000000001	0.46545216475911183
0.9500000000000001	0.43034426954783345
0.9550000000000001	0.39394376277111126
0.96	0.3562046356881462
0.965	0.31707921210790174
0.97	0.276518086024027
0.975	0.2344700567951405
0.98	0.19088206177018244
0.985	0.14569910625423804
0.99	0.09886419070575715
0.995	0.05031823505141873
1.	0.