0.	0.
0.005	0.037664506651541314
0.01	0.07438218766033731
0.015	0.11017778354955501
0.02	0.14507535334070035
0.025	0.1790982937507027
0.03	0.21226935780611775
0.035	0.24461067289254293
0.04	0.2761437582567407
0.045	0.3068895419783877
0.05	0.3368683774278092
0.055	0.3661000592255182
0.06	0.3946038387188582
0.065	0.4223984389905424
0.07	0.4495020694133981
0.075	0.4759324397651512
0.08	0.501706773916633
0.085	0.5268418231063482
0.09	0.5513538788139233
0.095	0.575258785244537
0.1	0.598571951436038
0.105	0.6213083630000774
0.11	0.6434825935081997
0.115	0.6651088155334867
0.12	0.6862008113579946
0.125	0.706771983355892
0.13	0.7268353640618744
0.135	0.7464036259341268
0.14	0.765489090820787
0.145	0.7841037391385804
0.15	0.8022592187720017
0.155	0.8199668537011483
0.16	0.8372376523660391
0.165	0.8540823157749965
0.17	0.8705112453644153
0.17500000000000002	0.8865345506170005
0.18	0.9021620564453224
0.185	0.9174033103473065
0.19	0.9322675893400568
0.195	0.9467639066781944
0.2	0.9609010183626933
0.20500000000000002	0.9746874294459822
0.21	0.9881314001388981
0.215	1.0012409517248797
0.22	1.0140238722866135
0.225	1.0264877222501565
0.23	1.038639839751401
0.23500000000000001	1.050487345829568
0.24	1.0620371494522565
0.245	1.0732959523764247
0.25	1.0842702538495133
0.255	1.094966355154787
0.26	1.1053903640048122
0.265	1.1155481987868596
0.27	1.1254455926638751
0.275	1.1350880975345365
0.28	1.1444810878557778
0.28500000000000003	1.1534722427209554
0.29	1.1619383199566813
0.295	1.170173195574324
0.3	1.1781820320575693
0.305	1.1859698133825014
0.31	1.19354134877215
0.315	1.2009012763063625
0.32	1.208054066390354
0.325	1.2150040250851397
0.33	1.2217552973029235
0.335	1.2283118698703892
0.34	1.2344152220498226
0.34500000000000003	1.2401256983641826
0.35000000000000003	1.2449296033462922
0.355	1.2489898807503566
0.36	1.2528955197883307
0.365	1.2566506819859853
0.37	1.26025934256543
0.375	1.2637252945944941
0.38	1.267052152934185
0.385	1.2702433579891137
0.39	1.2733021792655006
0.395	1.2762317187411523
0.4	1.2790349140515387
0.405	1.2817145414958728
0.41000000000000003	1.2842732188668677
0.41500000000000004	1.2867134081076204
0.42	1.289037417798843
0.425	1.2912474054794696
0.43	1.2933453798034313
0.435	1.2953332025352047
0.44	1.2972125903865277
0.445	1.298985116696478
0.45	1.3006522129569222
0.455	1.3022151701851357
0.46	1.3036751401452162
0.465	1.305033136419723
0.47000000000000003	1.3062900353327795
0.47500000000000003	1.3074465767257046
0.48	1.308503364586047
0.485	1.3094608675307187
0.49	1.3103194191437404
0.495	1.3110792181689368
0.5	1.3117403285577316
0.505	1.3123026793720238
0.51	1.3127660645419357
0.515	1.3131301424780504
0.52	1.3133944355375784
0.525	1.3135583293436983
0.53	1.3136210719571562
0.535	1.3135817728989931
0.54	1.3134394020231248
0.545	1.3131927882372678
0.55	1.3128406180705487
0.555	1.312381434085922
0.56	1.3118136331353405
0.5650000000000001	1.311135464455407
0.5700000000000001	1.3103450276010535
0.5750000000000001	1.3094402702145762
0.58	1.3084189856271442
0.585	1.307278810289701
0.59	1.3060172210299377
0.595	1.3046315321318152
0.6	1.3031188922338692
0.605	1.3014762810423053
0.61	1.2997005058546454
0.615	1.2977881978894517
0.62	1.2957358084173884
0.625	1.2935396046886254
0.63	1.2911956656513288
0.635	1.2886998774556924
0.64	1.286047928737695
0.645	1.2832353056764654
0.65	1.2802572868188429
0.655	1.2771089376643978
0.66	1.2737851050038722
0.665	1.270280411003649
0.67	1.2665892470285338
0.675	1.2627057671947524
0.68	1.258623881644733
0.685	1.254337249534827
0.6900000000000001	1.2498392717267495
0.6950000000000001	1.2451230831731088
0.7000000000000001	1.2401815449869606
0.705	1.235007236184896
0.71	1.2295924450927103
0.715	1.2239291604022284
0.72	1.2180090618673718
0.725	1.2118235106270496
0.73	1.205363539141916
0.735	1.1986198407314992
0.74	1.191582758697637
0.745	1.1842422750195518
0.75	1.1765879986052912
0.755	1.1686091530836304
0.76	1.160294564119843
0.765	1.1516326462380824
0.77	1.1426113891323815
0.775	1.1332183434475416
0.78	1.1234406060103919
0.785	1.1132648044911073
0.79	1.102677081473422
0.795	1.0916630779116976
0.8	1.0802079159519067
0.805	1.0682961810926326
0.81	1.0559119036611968
0.8150000000000001	1.0430385395790134
0.8200000000000001	1.0296589503891793
0.8250000000000001	1.0157553825182073
0.8300000000000001	0.9995616254162341
0.835	0.9827627806187142
0.84	0.9654095623247251
0.845	0.9474866687103568
0.85	0.9289783356072531
0.855	0.909868323114695
0.86	0.8901399017802938
0.865	0.8697758383354581
0.87	0.848758380971327
0.875	0.8270692441403495
0.88	0.8046895928681889
0.885	0.7816000265600884
0.89	0.7577805622852885
0.895	0.7332106175225069
0.9	0.7078689923489098
0.905	0.6817338510543813
0.91	0.6547827031622688
0.915	0.6269923838371205
0.92	0.5983390336592537
0.925	0.5687980777452826
0.93	0.5383442041930109
0.935	0.5069513418283261
0.9400000000000001	0.4745926372309603
0.9450000000000001	0.44124043101516053
0.9500000000000001	0.4068662333404749
0.9550000000000001	0.37144069862698464
0.96	0.3349335994484133
0.965	0.29731379957559545
0.97	0.25854922614184095
0.975	0.21860684090068966
0.98	0.17745261054553926
0.985	0.1350514760595321
0.99	0.09136732106296905
0.995	0.04636293912435815
1.	0.