0.	0.
0.001	0.015151397400599322
0.002	0.0301265129281119
0.003	0.044927275271102796
0.004	0.059555591994810114
0.005	0.07401334977944324
0.006	0.08830241465569895
0.007	0.102424632237529
0.008	0.11638182795219242
0.009000000000000001	0.13017580726762526
0.01	0.1438083559171604
0.011	0.15728124012162917
0.012	0.1705962068088765
0.013000000000000001	0.1837549838307207
0.014	0.19675928017738895
0.015	0.20961078618945875
0.016	0.22231117376733495
0.017	0.234862096578293
0.018000000000000002	0.24726519026111682
0.019	0.25952207262836074
0.02	0.27163434386626395
0.021	0.2836035867323452
0.022	0.295431366750707
0.023	0.30711923240507516
0.024	0.31866871532960145
0.025	0.33008133049745747
0.026000000000000002	0.3413585764072437
0.027	0.3525019352672428
0.028	0.3635128731775404
0.029	0.3743928403100408
0.03	0.3851432710864018
0.031	0.3957655843539139
0.032	0.4062611835593487
0.033	0.41663145692079984
0.034	0.42687777759754203
0.035	0.4370015038579302
0.036000000000000004	0.44700397924536345
0.037	0.4568865327423363
0.038	0.46665047893259987
0.039	0.47629711816145626
0.04	0.48582773669420803
0.041	0.49524360687278385
0.042	0.5045459872705644
0.043000000000000003	0.5137361228454272
0.044	0.522815245091033
0.045	0.5317845721863756
0.046	0.5406453091436128
0.047	0.5493986479542023
0.048	0.5580457677333613
0.049	0.5665878348628678
0.05	0.5750260031322263
0.051000000000000004	0.583361413878217
0.052000000000000005	0.5915951961228446
0.053	0.599728466709709
0.054	0.6077623304388168
0.055	0.6156978801998472
0.056	0.6235361971038971
0.057	0.6312783506137202
0.058	0.6389253986724764
0.059000000000000004	0.6464783878310126
0.06	0.653938353373689
0.061	0.6613063194427719
0.062	0.6685832991614041
0.063	0.6757702947551772
0.064	0.6828682976723164
0.065	0.689878288702494
0.066	0.6968012380942948
0.067	0.7036381056713401
0.068	0.7103898409470923
0.069	0.7170573832383538
0.07	0.7236416617774735
0.07100000000000001	0.7301435958232825
0.07200000000000001	0.7365640947707635
0.073	0.7429040582594802
0.074	0.7491643762807731
0.075	0.7553459292837397
0.076	0.761449588280013
0.077	0.7674762149473505
0.078	0.7734266617320527
0.079	0.779301771950217
0.08	0.7851023798878485
0.081	0.790829310899836
0.082	0.7964833815078084
0.083	0.8020653994968845
0.084	0.8075761640113284
0.085	0.8130164656491251
0.08600000000000001	0.8183870865554863
0.08700000000000001	0.8236888005153011
0.088	0.8289223730445432
0.089	0.8340885614806465
0.09	0.8391881150718602
0.091	0.8442217750656001
0.092	0.8491902747957993
0.093	0.8540943397692788
0.094	0.8589346877511426
0.095	0.8637120288492146
0.096	0.8684270655975224
0.097	0.8730804930388429
0.098	0.8776729988063227
0.099	0.8822052632041757
0.1	0.886677959287479
0.101	0.89109175294107
0.10200000000000001	0.8954473029575594
0.10300000000000001	0.8997452611144665
0.10400000000000001	0.9039862722504924
0.105	0.9081709743409347
0.106	0.9122999985722601
0.107	0.9163739694158375
0.108	0.9203935047008498
0.109	0.924359215686387
0.11	0.928271707132731
0.111	0.9321315773718462
0.112	0.9359394183770797
0.113	0.9396958158320836
0.114	0.9434013491989651
0.115	0.947056591785678
0.116	0.9506621108126596
0.117	0.9542184674787252
0.11800000000000001	0.9577262170262267
0.11900000000000001	0.9611859088054847
0.12	0.9645980863385022
0.121	0.967963287381968
0.122	0.971282043989559
0.123	0.9745548825735477
0.124	0.9777823239657244
0.125	0.9809648834776417
0.126	0.9841030709601878
0.127	0.9871973908624997
0.128	0.9902483422902181
0.129	0.9932564190630978
0.13	0.9962221097719772
0.131	0.9991458978351155
0.132	1.0020282615539042
0.133	1.0048696741679612
0.134	1.0076706039096122
0.135	1.0104315140577709
0.136	1.0131528629912192
0.137	1.0158351042412992
0.138	1.0184786865440199
0.139	1.0210840538915884
0.14	1.0236516455833717
0.14100000000000001	1.0261818962762903
0.14200000000000002	1.0286752360346607
0.14300000000000002	1.0311320903794827
0.14400000000000002	1.033552880337181
0.145	1.0359380224878154
0.146	1.0382879290127491
0.147	1.0406030077417976
0.148	1.0428836621998552
0.149	1.0451302916530054
0.15	1.0473432911541274
0.151	1.0495230515879945
0.152	1.051669959715879
0.153	1.0537843982196646
0.154	1.055866745745474
0.155	1.0579173769468138
0.156	1.0599366625272484
0.157	1.061924969282601
0.158	1.0638826601426918
0.159	1.0658100942126179
0.16	1.0677076268135801
0.161	1.0695756095232583
0.162	1.0714143902157474
0.163	1.0732243131010513
0.164	1.0750057187641464
0.165	1.0767589442036147
0.166	1.078484322869853
0.167	1.0801821847028652
0.168	1.0818528561696386
0.169	1.0834966603011107
0.17	1.0851139167287334
0.171	1.0867049417206327
0.17200000000000001	1.0882700482173773
0.17300000000000001	1.0898095458673527
0.17400000000000002	1.0913237410617491
0.17500000000000002	1.092812936969168
0.176	1.0942774335698475
0.177	1.0957175276895181
0.178	1.0971335130328843
0.179	1.0985256802167425
0.18	1.0998943168027382
0.181	1.1012397073297642
0.182	1.1025621333460052
0.183	1.1038618734406354
0.184	1.105139203275166
0.185	1.106394395614456
0.186	1.1076277203573819
0.187	1.1088394445671732
0.188	1.1100298325014204
0.189	1.1111991456417523
0.19	1.1123476427231935
0.191	1.1134755797632014
0.192	1.114583210090387
0.193	1.1156707843729232
0.194	1.1167385506466458
0.195	1.1177867543428466
0.196	1.1188156383157681
0.197	1.1198254428697942
0.198	1.120816405786353
0.199	1.1217887623505198
0.2	1.1227427453773362
0.201	1.1236785852378441
0.202	1.1245965098848327
0.203	1.125496744878312
0.20400000000000001	1.126379513410705
0.20500000000000002	1.127245036331772
0.20600000000000002	1.1280935321732597
0.20700000000000002	1.1289252171732869
0.20800000000000002	1.1297403053004644
0.209	1.1305390082777556
0.21	1.1313215356060748
0.211	1.1320880945876368
0.212	1.132838890349046
0.213	1.1335741258641423
0.214	1.1342940019765966
0.215	1.134998717422262
0.216	1.1356884688512863
0.217	1.1363634508499807
0.218	1.1370238559624577
0.219	1.137669874712031
0.22	1.1383016956223868
0.221	1.1389195052385246
0.222	1.1395234881474745
0.223	1.1401138269987883
0.224	1.1406907025248114
0.225	1.141254293560735
0.226	1.1418047770644333
0.227	1.1423423281360838
0.228	1.1428671200375806
0.229	1.143379324211735
0.23	1.1438791103012698
0.231	1.14436664616761
0.232	1.1448420979094713
0.233	1.1453056298812456
0.234	1.1457574047111918
0.23500000000000001	1.1461975833194293
0.23600000000000002	1.1466263249357387
0.23700000000000002	1.1470437871171686
0.23800000000000002	1.147450125765456
0.23900000000000002	1.1478454951442565
0.24	1.1482300478961915
0.241	1.1486039350597106
0.242	1.1489673060857732
0.243	1.1493203088543493
0.244	1.1496630896907458
0.245	1.1499957933817553
0.246	1.1503185631916308
0.247	1.1506315408778898
0.248	1.1509348667069481
0.249	1.1512286794695867
0.25	1.1515131164962509
0.251	1.1517883136721851
0.252	1.152054405452407
0.253	1.152311524876519
0.254	1.1525598035833597
0.255	1.152799371825502
0.256	1.1530303584835921
0.257	1.1532528910805329
0.258	1.1534670957955213
0.259	1.1536730974779286
0.26	1.153871019661035
0.261	1.1540609845756158
0.262	1.1542431131633826
0.263	1.1544175250902777
0.264	1.1545843387596295
0.265	1.1547436713251633
0.266	1.1548956387038747
0.267	1.1550403555887634
0.268	1.1551779354614293
0.269	1.155308490604539
0.27	1.15543213211415
0.271	1.1555489699119081
0.272	1.1556591127571145
0.273	1.1557626682586581
0.274	1.1558597428868258
0.275	1.1559504419849822
0.276	1.1560348697811236
0.277	1.156113129399311
0.278	1.1561853228709766
0.279	1.1562515511461122
0.28	1.1563119141043343
0.281	1.1563665105658323
0.28200000000000003	1.156415438302199
0.28300000000000003	1.156458794047143
0.28400000000000003	1.1564966735070878
0.28500000000000003	1.1565291713716568
0.28600000000000003	1.1565563813240438
0.28700000000000003	1.1565783960512737
0.28800000000000003	1.156595307254351
0.289	1.1566072056583028
0.29	1.1566141810221087
0.291	1.1566163221485277
0.292	1.1566137168938169
0.293	1.1566064521773483
0.294	1.1565946139911167
0.295	1.1565782874091521
0.296	1.1565575565968258
0.297	1.1565325048200568
0.298	1.1565032144544198
0.299	1.1564697669941555
0.3	1.156432243061082
0.301	1.1563907224134116
0.302	1.156345283954469
0.303	1.156296005741322
0.304	1.1562429649933108
0.305	1.1561862381004908
0.306	1.1561259006319822
0.307	1.1560620273442284
0.308	1.1559946921891664
0.309	1.1559239683223068
0.31	1.1558499281107304
0.311	1.1557726431409907
0.312	1.155692184226939
0.313	1.1556086214174572
0.314	1.155522024004114
0.315	1.155432460528728
0.316	1.1553399987908604
0.317	1.1552447058552155
0.318	1.1551466480589674
0.319	1.1550458910190045
0.32	1.1549424996390936
0.321	1.1548365381169687
0.322	1.15472806995134
0.323	1.1546171579488285
0.324	1.1545038642308216
0.325	1.1543882502402574
0.326	1.1542703767483304
0.327	1.1541503038611287
0.328	1.1540280910261942
0.329	1.1539037970390111
0.33	1.153777480049427
0.331	1.1536491975679979
0.332	1.1535190064722667
0.333	1.1533869630129718
0.334	1.1532531228201877
0.335	1.1531175409093943
0.336	1.1529802716874857
0.337	1.152841368958705
0.338	1.152700885930518
0.339	1.1525588752194218
0.34	1.1524153888566862
0.341	1.1522704782940318
0.342	1.152124194409247
0.343	1.1519765875117418
0.34400000000000003	1.1518277073480345
0.34500000000000003	1.151677603107187
0.34600000000000003	1.1515263234261677
0.34700000000000003	1.1513739163951644
0.34800000000000003	1.1512204295628303
0.34900000000000003	1.1510659099414753
0.35000000000000003	1.1509104040121956
0.35100000000000003	1.1507539577299484
0.352	1.1505966165285675
0.353	1.1504384253257216
0.354	1.150279428527819
0.355	1.1501196700348528
0.356	1.1499591932451934
0.357	1.1497980410603266
0.358	1.1496362558895366
0.359	1.1494738796545347
0.36	1.1493109537940365
0.361	1.149147519268286
0.362	1.1489836165635268
0.363	1.1488192856964234
0.364	1.1486545662184287
0.365	1.1484894972201023
0.366	1.1483241173353813
0.367	1.1481584647457967
0.368	1.1479925771846426
0.369	1.1478264919410972
0.37	1.1476602458642962
0.371	1.1474938753673545
0.372	1.147327416431346
0.373	1.1471609046092304
0.374	1.14699437502974
0.375	1.1468278624012134
0.376	1.1466614010153888
0.377	1.1464950247511498
0.378	1.146328767078227
0.379	1.1461626610608524
0.38	1.1459967393613761
0.381	1.14583103424383
0.382	1.1456655775774582
0.383	1.1455004008401957
0.384	1.1453355351221104
0.385	1.1451710111288007
0.386	1.1450068591847518
0.387	1.144843109236648
0.388	1.1446797908566495
0.389	1.144516933245622
0.39	1.1443545652363323
0.391	1.1441927152965958
0.392	1.1440314115323942
0.393	1.1438706816909456
0.394	1.1437105531637397
0.395	1.143551052989532
0.396	1.1433922078573036
0.397	1.1432340441091768
0.398	1.143076587743299
0.399	1.1429198644166858
0.4	1.1427638994480271
0.401	1.1426087178204576
0.402	1.14245434418429
0.403	1.1423008028597132
0.404	1.1421481178394508
0.405	1.1419963127913908
0.406	1.1418454110611713
0.40700000000000003	1.14169543567474
0.40800000000000003	1.1415464093408705
0.40900000000000003	1.141398354453652
0.41000000000000003	1.141251293094937
0.41100000000000003	1.1411052470367629
0.41200000000000003	1.1409602377437307
0.41300000000000003	1.1408162863753613
0.41400000000000003	1.1406734137884076
0.41500000000000004	1.1405316405391415
0.41600000000000004	1.1403909868856035
0.417	1.1402514727898225
0.418	1.1401131179200026
0.419	1.1399759416526771
0.42	1.1398399630748313
0.421	1.1397052009859931
0.422	1.1395716739002955
0.423	1.139439400048501
0.424	1.1393083973800044
0.425	1.1391786835647952
0.426	1.1390502759953973
0.427	1.1389231917887754
0.428	1.1387974477882092
0.429	1.1386730605651423
0.43	1.1385500464209974
0.431	1.1384284213889637
0.432	1.1383082012357564
0.433	1.1381894014633431
0.434	1.138072037310647
0.435	1.137956123755216
0.436	1.1378416755148646
0.437	1.1377287070492919
0.438	1.1376172325616645
0.439	1.137507266000175
0.44	1.1373988210595747
0.441	1.1372919111826731
0.442	1.137186549561815
0.443	1.1370827491403273
0.444	1.136980522613939
0.445	1.1368798824321762
0.446	1.136780840799727
0.447	1.136683409677781
0.448	1.1365876007853435
0.449	1.1364934256005212
0.45	1.1364008953617826
0.451	1.1363100210691903
0.452	1.1362208134856127
0.453	1.1361332831379
0.454	1.1360474403180472
0.455	1.1359632950843177
0.456	1.1358808572623509
0.457	1.1358001364462431
0.458	1.1357211419995972
0.459	1.1356438830565547
0.46	1.1355683685227977
0.461	1.1354946070765262
0.462	1.135422607169414
0.463	1.1353523770275344
0.464	1.1352839246522657
0.465	1.135217257821171
0.466	1.1351523840888498
0.467	1.1350893107877718
0.468	1.1350280450290804
0.46900000000000003	1.1349685937033749
0.47000000000000003	1.134910963481467
0.47100000000000003	1.1348551608151152
0.47200000000000003	1.134801191937733
0.47300000000000003	1.1347490628650747
0.47400000000000003	1.1346987793958954
0.47500000000000003	1.1346503471125897
0.47600000000000003	1.1346037713818053
0.47700000000000004	1.134559057355032
0.47800000000000004	1.134516209969169
0.47900000000000004	1.1344752339470658
0.48	1.1344361337980446
0.481	1.1343989138183936
0.482	1.1343635780918397
0.483	1.1343301304899982
0.484	1.1342985746727978
0.485	1.1342689140888838
0.486	1.1342411519759958
0.487	1.1342152913613268
0.488	1.134191335061852
0.489	1.1341692856846417
0.49	1.1341491456271462
0.491	1.1341309170774612
0.492	1.1341146020145667
0.493	1.1341002022085442
0.494	1.1340877192207743
0.495	1.134077154404106
0.496	1.1340685089030054
0.497	1.134061783653683
0.498	1.134056979384195
0.499	1.134054096614525
0.5	1.1340531356566397
0.501	1.1340540966145247
0.502	1.134056979384195
0.503	1.134061783653683
0.504	1.1340685089030056
0.505	1.134077154404106
0.506	1.1340877192207743
0.507	1.1341002022085442
0.508	1.1341146020145665
0.509	1.1341309170774612
0.51	1.1341491456271462
0.511	1.1341692856846415
0.512	1.134191335061852
0.513	1.134215291361327
0.514	1.1342411519759958
0.515	1.1342689140888835
0.516	1.1342985746727978
0.517	1.134330130489998
0.518	1.1343635780918397
0.519	1.1343989138183939
0.52	1.1344361337980449
0.521	1.134475233947066
0.522	1.134516209969169
0.523	1.1345590573550322
0.524	1.1346037713818053
0.525	1.1346503471125897
0.526	1.1346987793958951
0.527	1.1347490628650745
0.528	1.134801191937733
0.529	1.1348551608151154
0.53	1.134910963481467
0.531	1.1349685937033747
0.532	1.1350280450290804
0.533	1.1350893107877718
0.534	1.1351523840888498
0.535	1.1352172578211708
0.536	1.135283924652266
0.537	1.1353523770275342
0.538	1.135422607169414
0.539	1.1354946070765264
0.54	1.1355683685227975
0.541	1.1356438830565547
0.542	1.1357211419995972
0.543	1.135800136446243
0.544	1.1358808572623509
0.545	1.1359632950843175
0.546	1.1360474403180474
0.547	1.1361332831379003
0.548	1.1362208134856124
0.549	1.1363100210691903
0.55	1.1364008953617823
0.551	1.1364934256005212
0.552	1.1365876007853435
0.553	1.1366834096777807
0.554	1.1367808407997269
0.555	1.1368798824321762
0.556	1.136980522613939
0.557	1.137082749140327
0.558	1.1371865495618148
0.559	1.1372919111826734
0.56	1.1373988210595747
0.561	1.1375072660001748
0.562	1.1376172325616642
0.5630000000000001	1.137728707049292
0.5640000000000001	1.137841675514865
0.5650000000000001	1.1379561237552156
0.5660000000000001	1.138072037310647
0.5670000000000001	1.1381894014633434
0.5680000000000001	1.1383082012357566
0.5690000000000001	1.138428421388964
0.5700000000000001	1.1385500464209974
0.5710000000000001	1.1386730605651425
0.5720000000000001	1.1387974477882095
0.5730000000000001	1.1389231917887757
0.5740000000000001	1.1390502759953975
0.5750000000000001	1.1391786835647952
0.5760000000000001	1.1393083973800042
0.577	1.1394394000485013
0.578	1.1395716739002955
0.579	1.1397052009859934
0.58	1.139839963074831
0.581	1.1399759416526771
0.582	1.1401131179200026
0.583	1.1402514727898223
0.584	1.1403909868856035
0.585	1.1405316405391415
0.586	1.1406734137884076
0.587	1.1408162863753613
0.588	1.1409602377437307
0.589	1.1411052470367626
0.59	1.141251293094937
0.591	1.141398354453652
0.592	1.1415464093408705
0.593	1.14169543567474
0.594	1.1418454110611713
0.595	1.1419963127913908
0.596	1.1421481178394508
0.597	1.1423008028597132
0.598	1.14245434418429
0.599	1.1426087178204576
0.6	1.1427638994480271
0.601	1.1429198644166858
0.602	1.1430765877432991
0.603	1.1432340441091768
0.604	1.1433922078573036
0.605	1.143551052989532
0.606	1.1437105531637397
0.607	1.1438706816909456
0.608	1.144031411532394
0.609	1.1441927152965958
0.61	1.144354565236332
0.611	1.144516933245622
0.612	1.1446797908566495
0.613	1.144843109236648
0.614	1.1450068591847515
0.615	1.1451710111288007
0.616	1.1453355351221104
0.617	1.1455004008401957
0.618	1.1456655775774582
0.619	1.1458310342438303
0.62	1.1459967393613761
0.621	1.1461626610608524
0.622	1.146328767078227
0.623	1.1464950247511498
0.624	1.1466614010153888
0.625	1.1468278624012131
0.626	1.14699437502974
0.627	1.1471609046092306
0.628	1.147327416431346
0.629	1.1474938753673547
0.63	1.147660245864296
0.631	1.1478264919410972
0.632	1.1479925771846426
0.633	1.1481584647457967
0.634	1.1483241173353813
0.635	1.1484894972201023
0.636	1.1486545662184287
0.637	1.1488192856964237
0.638	1.1489836165635268
0.639	1.149147519268286
0.64	1.1493109537940362
0.641	1.1494738796545347
0.642	1.1496362558895366
0.643	1.1497980410603266
0.644	1.1499591932451936
0.645	1.1501196700348528
0.646	1.1502794285278193
0.647	1.1504384253257216
0.648	1.1505966165285675
0.649	1.1507539577299486
0.65	1.1509104040121956
0.651	1.1510659099414755
0.652	1.1512204295628303
0.653	1.1513739163951646
0.654	1.1515263234261677
0.655	1.151677603107187
0.656	1.1518277073480347
0.657	1.1519765875117418
0.658	1.152124194409247
0.659	1.1522704782940316
0.66	1.1524153888566862
0.661	1.1525588752194218
0.662	1.152700885930518
0.663	1.152841368958705
0.664	1.1529802716874857
0.665	1.1531175409093943
0.666	1.1532531228201877
0.667	1.1533869630129718
0.668	1.1535190064722665
0.669	1.1536491975679977
0.67	1.153777480049427
0.671	1.153903797039011
0.672	1.154028091026194
0.673	1.154150303861129
0.674	1.1542703767483304
0.675	1.1543882502402576
0.676	1.1545038642308216
0.677	1.1546171579488285
0.678	1.1547280699513403
0.679	1.1548365381169685
0.68	1.1549424996390933
0.681	1.1550458910190045
0.682	1.1551466480589674
0.683	1.1552447058552153
0.684	1.1553399987908604
0.685	1.155432460528728
0.686	1.1555220240041137
0.687	1.1556086214174577
0.6880000000000001	1.155692184226939
0.6890000000000001	1.1557726431409907
0.6900000000000001	1.1558499281107304
0.6910000000000001	1.155923968322307
0.6920000000000001	1.1559946921891662
0.6930000000000001	1.1560620273442286
0.6940000000000001	1.1561259006319822
0.6950000000000001	1.1561862381004908
0.6960000000000001	1.156242964993311
0.6970000000000001	1.156296005741322
0.6980000000000001	1.156345283954469
0.6990000000000001	1.1563907224134113
0.7000000000000001	1.156432243061082
0.7010000000000001	1.1564697669941555
0.7020000000000001	1.1565032144544196
0.7030000000000001	1.1565325048200565
0.704	1.156557556596826
0.705	1.1565782874091524
0.706	1.1565946139911167
0.707	1.1566064521773483
0.708	1.156613716893817
0.709	1.156616322148528
0.71	1.1566141810221084
0.711	1.1566072056583026
0.712	1.156595307254351
0.713	1.1565783960512734
0.714	1.1565563813240438
0.715	1.1565291713716568
0.716	1.156496673507088
0.717	1.1564587940471427
0.718	1.1564154383021987
0.719	1.1563665105658323
0.72	1.1563119141043343
0.721	1.1562515511461122
0.722	1.1561853228709769
0.723	1.156113129399311
0.724	1.1560348697811236
0.725	1.1559504419849822
0.726	1.1558597428868258
0.727	1.1557626682586581
0.728	1.1556591127571145
0.729	1.1555489699119084
0.73	1.1554321321141499
0.731	1.155308490604539
0.732	1.1551779354614296
0.733	1.1550403555887634
0.734	1.1548956387038747
0.735	1.1547436713251635
0.736	1.1545843387596295
0.737	1.1544175250902777
0.738	1.1542431131633824
0.739	1.1540609845756158
0.74	1.1538710196610347
0.741	1.1536730974779283
0.742	1.1534670957955213
0.743	1.1532528910805329
0.744	1.1530303584835921
0.745	1.1527993718255023
0.746	1.1525598035833597
0.747	1.1523115248765188
0.748	1.152054405452407
0.749	1.1517883136721851
0.75	1.1515131164962509
0.751	1.1512286794695865
0.752	1.1509348667069481
0.753	1.1506315408778898
0.754	1.150318563191631
0.755	1.1499957933817553
0.756	1.1496630896907458
0.757	1.149320308854349
0.758	1.1489673060857732
0.759	1.1486039350597106
0.76	1.1482300478961915
0.761	1.1478454951442565
0.762	1.147450125765456
0.763	1.147043787117169
0.764	1.146626324935739
0.765	1.1461975833194293
0.766	1.1457574047111916
0.767	1.1453056298812454
0.768	1.1448420979094713
0.769	1.1443666461676103
0.77	1.14387911030127
0.771	1.1433793242117352
0.772	1.1428671200375806
0.773	1.1423423281360836
0.774	1.141804777064433
0.775	1.1412542935607353
0.776	1.1406907025248114
0.777	1.1401138269987883
0.778	1.1395234881474747
0.779	1.1389195052385248
0.78	1.138301695622387
0.781	1.1376698747120308
0.782	1.1370238559624575
0.783	1.1363634508499807
0.784	1.135688468851286
0.785	1.1349987174222622
0.786	1.1342940019765966
0.787	1.1335741258641425
0.788	1.132838890349046
0.789	1.1320880945876366
0.79	1.1313215356060748
0.791	1.1305390082777556
0.792	1.1297403053004644
0.793	1.1289252171732866
0.794	1.1280935321732595
0.795	1.1272450363317723
0.796	1.126379513410705
0.797	1.125496744878312
0.798	1.1245965098848325
0.799	1.1236785852378441
0.8	1.1227427453773362
0.801	1.1217887623505196
0.802	1.120816405786353
0.803	1.119825442869794
0.804	1.1188156383157677
0.805	1.1177867543428464
0.806	1.1167385506466456
0.807	1.115670784372923
0.808	1.114583210090387
0.809	1.1134755797632014
0.81	1.1123476427231933
0.811	1.111199145641752
0.812	1.1100298325014204
0.8130000000000001	1.1088394445671732
0.8140000000000001	1.1076277203573819
0.8150000000000001	1.106394395614456
0.8160000000000001	1.1051392032751657
0.8170000000000001	1.1038618734406354
0.8180000000000001	1.1025621333460052
0.8190000000000001	1.101239707329764
0.8200000000000001	1.0998943168027382
0.8210000000000001	1.0985256802167427
0.8220000000000001	1.097133513032884
0.8230000000000001	1.0957175276895181
0.8240000000000001	1.0942774335698475
0.8250000000000001	1.0928129369691677
0.8260000000000001	1.0913237410617491
0.8270000000000001	1.0898095458673527
0.8280000000000001	1.0882700482173773
0.8290000000000001	1.086704941720633
0.8300000000000001	1.0851139167287334
0.8310000000000001	1.083496660301111
0.8320000000000001	1.0818528561696386
0.833	1.0801821847028652
0.834	1.078484322869853
0.835	1.0767589442036145
0.836	1.0750057187641464
0.837	1.0732243131010513
0.838	1.0714143902157471
0.839	1.0695756095232583
0.84	1.0677076268135801
0.841	1.0658100942126179
0.842	1.0638826601426918
0.843	1.061924969282601
0.844	1.0599366625272486
0.845	1.057917376946814
0.846	1.055866745745474
0.847	1.0537843982196646
0.848	1.0516699597158792
0.849	1.0495230515879945
0.85	1.0473432911541276
0.851	1.0451302916530054
0.852	1.0428836621998552
0.853	1.0406030077417978
0.854	1.0382879290127491
0.855	1.0359380224878156
0.856	1.0335528803371812
0.857	1.0311320903794825
0.858	1.0286752360346607
0.859	1.0261818962762903
0.86	1.0236516455833717
0.861	1.0210840538915886
0.862	1.0184786865440196
0.863	1.0158351042412992
0.864	1.013152862991219
0.865	1.0104315140577709
0.866	1.0076706039096122
0.867	1.0048696741679612
0.868	1.0020282615539042
0.869	0.9991458978351155
0.87	0.9962221097719771
0.871	0.9932564190630978
0.872	0.9902483422902181
0.873	0.9871973908624997
0.874	0.9841030709601879
0.875	0.9809648834776417
0.876	0.9777823239657244
0.877	0.9745548825735477
0.878	0.971282043989559
0.879	0.9679632873819679
0.88	0.9645980863385022
0.881	0.9611859088054846
0.882	0.9577262170262266
0.883	0.9542184674787251
0.884	0.9506621108126595
0.885	0.9470565917856778
0.886	0.9434013491989649
0.887	0.9396958158320834
0.888	0.9359394183770797
0.889	0.932131577371846
0.89	0.9282717071327309
0.891	0.924359215686387
0.892	0.9203935047008499
0.893	0.9163739694158374
0.894	0.9122999985722599
0.895	0.9081709743409346
0.896	0.9039862722504924
0.897	0.8997452611144665
0.898	0.895447302957559
0.899	0.8910917529410701
0.9	0.8866779592874788
0.901	0.8822052632041755
0.902	0.8776729988063225
0.903	0.8730804930388429
0.904	0.868427065597522
0.905	0.8637120288492145
0.906	0.8589346877511426
0.907	0.8540943397692785
0.908	0.8491902747957993
0.909	0.8442217750655999
0.91	0.83918811507186
0.911	0.8340885614806461
0.912	0.8289223730445431
0.913	0.823688800515301
0.914	0.8183870865554862
0.915	0.8130164656491249
0.916	0.8075761640113281
0.917	0.8020653994968842
0.918	0.7964833815078082
0.919	0.7908293108998357
0.92	0.7851023798878483
0.921	0.7793017719502168
0.922	0.7734266617320523
0.923	0.7674762149473503
0.924	0.7614495882800126
0.925	0.7553459292837394
0.926	0.7491643762807728
0.927	0.7429040582594798
0.928	0.7365640947707631
0.929	0.7301435958232821
0.93	0.7236416617774731
0.931	0.7170573832383533
0.932	0.710389840947092
0.933	0.7036381056713398
0.934	0.6968012380942943
0.935	0.6898782887024935
0.936	0.6828682976723159
0.937	0.6757702947551769
0.9380000000000001	0.6685832991614036
0.9390000000000001	0.6613063194427713
0.9400000000000001	0.6539383533736886
0.9410000000000001	0.6464783878310121
0.9420000000000001	0.6389253986724761
0.9430000000000001	0.6312783506137197
0.9440000000000001	0.6235361971038966
0.9450000000000001	0.6156978801998466
0.9460000000000001	0.6077623304388163
0.9470000000000001	0.5997284667097086
0.9480000000000001	0.591595196122844
0.9490000000000001	0.5833614138782165
0.9500000000000001	0.5750260031322258
0.9510000000000001	0.5665878348628671
0.9520000000000001	0.5580457677333609
0.9530000000000001	0.5493986479542019
0.9540000000000001	0.5406453091436121
0.9550000000000001	0.531784572186375
0.9560000000000001	0.5228152450910325
0.9570000000000001	0.5137361228454266
0.9580000000000001	0.5045459872705638
0.9590000000000001	0.4952436068727832
0.96	0.4858277366942083
0.961	0.47629711816145665
0.962	0.4666504789326002
0.963	0.45688653274233665
0.964	0.44700397924536384
0.965	0.4370015038579305
0.966	0.42687777759754225
0.967	0.4166314569208001
0.968	0.406261183559349
0.969	0.3957655843539142
0.97	0.38514327108640206
0.971	0.3743928403100411
0.972	0.3635128731775407
0.973	0.35250193526724305
0.974	0.341358576407244
0.975	0.33008133049745764
0.976	0.3186687153296017
0.977	0.30711923240507544
0.978	0.2954313667507073
0.979	0.28360358673234537
0.98	0.2716343438662641
0.981	0.25952207262836097
0.982	0.24726519026111698
0.983	0.23486209657829316
0.984	0.22231117376733514
0.985	0.20961078618945891
0.986	0.19675928017738914
0.987	0.18375498383072084
0.988	0.17059620680887666
0.989	0.1572812401216293
0.99	0.1438083559171605
0.991	0.13017580726762537
0.992	0.11638182795219251
0.993	0.1024246322375291
0.994	0.08830241465569903
0.995	0.07401334977944331
0.996	0.05955559199481017
0.997	0.04492727527110283
0.998	0.030126512928111925
0.999	0.015151397400599335
1.	0.