0.	0.
0.005	0.0037847901861050156
0.01	0.007911819639922324
0.015	0.012397780728122207
0.02	0.01725959608867929
0.025	0.022514385296785788
0.03	0.028179429035286255
0.035	0.034272130772062905
0.04	0.04080997595776854
0.045	0.047810488768774986
0.05	0.05529118643214225
0.055	0.06326953118177786
0.06	0.07176287990769885
0.065	0.08078843157338482
0.07	0.09036317248956029
0.075	0.10050381954631524
0.08	0.11122676151919514
0.085	0.12254799857870692
0.09	0.1344830801465181
0.095	0.147047041255404
0.1	0.16025433758364424
0.105	0.17411877934800685
0.11	0.18865346425260118
0.115	0.20387070970365262
0.12	0.21978198451256156
0.125	0.23639784032137592
0.13	0.25372784299594
0.135	0.27178050424240213
0.14	0.2905632137123801
0.145	0.31008217187081194
0.15	0.3303423239082875
0.155	0.3513472949863648
0.16	0.37309932710997523
0.165	0.39559921792541014
0.17	0.418846261745512
0.17500000000000002	0.4428381931054964
0.18	0.467571133153238
0.185	0.4930395391768279
0.19	0.5192361575696958
0.195	0.5461519805295451
0.2	0.5737762067817628
0.20500000000000002	0.6020962066107759
0.21	0.6310974914740717
0.215	0.6607636884632123
0.22	0.6910765198642183
0.225	0.722015788056139
0.23	0.7535593659715046
0.23500000000000001	0.7856831933257223
0.24	0.8183612788043292
0.245	0.8515657083774539
0.25	0.8852666598898826
0.255	0.9194324240528756
0.26	0.954029431940407
0.265	0.9890222890678898
0.27	1.024373816105802
0.275	1.0600450962540728
0.28	1.0959955292756909
0.28500000000000003	1.1321828921599606
0.29	1.1685634063571817
0.295	1.2050918114975246
0.3	1.241721445477522
0.305	1.278404330768218
0.31	1.3150912667695243
0.315	1.351731928006195
0.32	1.3882749679318354
0.325	1.4246681280790616
0.33	1.4610108267137663
0.335	1.497505494475423
0.34	1.5336988675847705
0.34500000000000003	1.5695346328966535
0.35000000000000003	1.6049561248839361
0.355	1.639906465767821
0.36	1.6743287087616634
0.365	1.7081659839490095
0.37	1.7413616462974288
0.375	1.7738594252927302
0.38	1.8056035756633366
0.385	1.8365390286521526
0.39	1.8666115432831933
0.395	1.8957678570627396
0.4	1.923955835549818
0.405	1.9511246202285513
0.41000000000000003	1.9772247741152948
0.41500000000000004	2.0022084245366094
0.42	2.0260294025200056
0.425	2.048643378247948
0.43	2.070007992036965
0.435	2.0900829803176757
0.44	2.1088302961081955
0.445	2.1262142234925454
0.45	2.1422014856374467
0.455	2.156761345904813
0.46	2.169865701643793
0.465	2.1814891702744914
0.47000000000000003	2.1916091673062525
0.47500000000000003	2.2002059759654933
0.48	2.207262808142433
0.485	2.212765856401398
0.49	2.216704336836516
0.495	2.2190705225925944
0.5	2.219859767910055
0.505	2.2190705225925944
0.51	2.2167043368365165
0.515	2.212765856401398
0.52	2.207262808142433
0.525	2.2002059759654933
0.53	2.191609167306251
0.535	2.1814891702744927
0.54	2.1698657016437917
0.545	2.156761345904813
0.55	2.1422014856374454
0.555	2.1262142234925454
0.56	2.1088302961081933
0.5650000000000001	2.090082980317676
0.5700000000000001	2.070007992036965
0.5750000000000001	2.048643378247948
0.58	2.026029402520005
0.585	2.0022084245366094
0.59	1.9772247741152948
0.595	1.9511246202285513
0.6	1.923955835549818
0.605	1.8957678570627396
0.61	1.8666115432831933
0.615	1.8365390286521528
0.62	1.8056035756633364
0.625	1.77385942529273
0.63	1.7413616462974288
0.635	1.7081659839490093
0.64	1.6743287087616634
0.645	1.6399064657678208
0.65	1.6049561248839361
0.655	1.569534632896652
0.66	1.5336988675847707
0.665	1.4975054944754218
0.67	1.4610108267137663
0.675	1.4246681280790616
0.68	1.3882749679318356
0.685	1.3517319280061941
0.6900000000000001	1.3150912667695243
0.6950000000000001	1.278404330768217
0.7000000000000001	1.241721445477522
0.705	1.2050918114975246
0.71	1.168563406357183
0.715	1.1321828921599606
0.72	1.0959955292756909
0.725	1.0600450962540728
0.73	1.0243738161058022
0.735	0.9890222890678897
0.74	0.954029431940407
0.745	0.9194324240528757
0.75	0.8852666598898826
0.755	0.8515657083774539
0.76	0.8183612788043291
0.765	0.785683193325722
0.77	0.7535593659715042
0.775	0.7220157880561386
0.78	0.691076519864218
0.785	0.6607636884632119
0.79	0.6310974914740717
0.795	0.6020962066107757
0.8	0.5737762067817623
0.805	0.5461519805295448
0.81	0.5192361575696952
0.8150000000000001	0.4930395391768276
0.8200000000000001	0.4675711331532376
0.8250000000000001	0.44283819310549616
0.8300000000000001	0.41884626174551154
0.835	0.3955992179254103
0.84	0.37309932710997545
0.845	0.35134729498636486
0.85	0.3303423239082876
0.855	0.31008217187081205
0.86	0.2905632137123801
0.865	0.27178050424240213
0.87	0.25372784299594003
0.875	0.23639784032137592
0.88	0.2197819845125616
0.885	0.20387070970365256
0.89	0.18865346425260113
0.895	0.1741187793480068
0.9	0.16025433758364416
0.905	0.1470470412554039
0.91	0.13448308014651802
0.915	0.12254799857870681
0.92	0.11122676151919503
0.925	0.10050381954631515
0.93	0.0903631724895602
0.935	0.08078843157338471
0.9400000000000001	0.07176287990769875
0.9450000000000001	0.06326953118177776
0.9500000000000001	0.055291186432142155
0.9550000000000001	0.047810488768774875
0.96	0.0408099759577686
0.965	0.034272130772062946
0.97	0.028179429035286287
0.975	0.022514385296785813
0.98	0.017259596088679306
0.985	0.012397780728122218
0.99	0.007911819639922331
0.995	0.0037847901861050187
1.	0.