0.	0.
0.005	0.0007721266505654745
0.01	0.001558638556410055
0.015	0.0023601198659254836
0.02	0.0031771709268209164
0.025	0.004010408920088308
0.03	0.004860468514575865
0.035	0.005728002542973056
0.04	0.006613682700036886
0.045	0.007518200263916411
0.05	0.008442266841460376
0.055	0.009386615138421928
0.06	0.010351999755504304
0.065	0.011339198011222025
0.07	0.012349010792584287
0.075	0.013382263434639455
0.08	0.014439806629954071
0.085	0.015522517369133614
0.09	0.016631299913528817
0.095	0.017767086801307445
0.1	0.018930839888109414
0.105	0.02012355142354182
0.11	0.021346245164810238
0.115	0.022599977528822836
0.12	0.023885838784146428
0.125	0.025204954284235224
0.13	0.026558485743397215
0.135	0.0279476325570076
0.14	0.029373633167523554
0.145	0.030837766477901585
0.15	0.03234135331406485
0.155	0.03388575793811668
0.16	0.03547238961404397
0.165	0.03710270422770403
0.17	0.03877820596293761
0.17500000000000002	0.04050044903570148
0.18	0.04227103948816369
0.185	0.044091637044756625
0.19	0.045963957032231766
0.195	0.04788977236581417
0.2	0.04987091560360094
0.20500000000000002	0.051909281071403544
0.21	0.05400682706027769
0.215	0.05616557809903944
0.22	0.058387627304108784
0.225	0.06067513880907259
0.23	0.06303035027640083
0.23500000000000001	0.06545557549379574
0.24	0.06795320705769124
0.245	0.0705257191464611
0.25	0.07317567038592657
0.255	0.07590570680978684
0.26	0.07871856491762229
0.265	0.08161707483314234
0.27	0.0846041635653667
0.275	0.08768285837543954
0.28	0.0908562902517795
0.28500000000000003	0.09412769749626415
0.29	0.09750042942413528
0.295	0.1009779501802885
0.3	0.10456384267457729
0.305	0.10826181263871519
0.31	0.11207569280730523
0.315	0.11600944722544526
0.32	0.12006717568527586
0.325	0.12425311829372283
0.33	0.1285716601735649
0.335	0.13302733629980182
0.34	0.13762483647313037
0.34500000000000003	0.14236901043213032
0.35000000000000003	0.14726487310553965
0.355	0.15231761000573055
0.36	0.15753258276421103
0.365	0.16291533480963402
0.37	0.16847159718842974
0.375	0.1742072945277497
0.38	0.18012855113994428
0.385	0.1862416972672703
0.39	0.19255327546493928
0.395	0.19907004711997198
0.4	0.20579899910260344
0.405	0.21274735054618737
0.41000000000000003	0.2199225597506714
0.41500000000000004	0.22733233120374194
0.42	0.2349846227126717
0.425	0.24288765263872317
0.43	0.25104990722466897
0.435	0.2594801480045727
0.44	0.2681874192834066
0.445	0.2771810556723845
0.45	0.2864706896640043
0.455	0.29606625922875845
0.46	0.30597801541321606
0.465	0.31621652991674354
0.47000000000000003	0.32679270262144317
0.47500000000000003	0.3377177690469805
0.48	0.3490033076987701
0.485	0.3606612472745289
0.49	0.3727038736904031
0.495	0.3851438368837602
0.5	0.3979941573452353
0.505	0.41126823232772886
0.51	0.42497984167473385
0.515	0.43914315320457176
0.52	0.45377272758082604
0.525	0.46888352259241195
0.53	0.4844908967592836
0.535	0.5006106121716972
0.54	0.5172588364621733
0.545	0.5344521437997625
0.55	0.5522075147858828
0.555	0.5705423351197565
0.56	0.589474392889292
0.5650000000000001	0.6090218743300381
0.5700000000000001	0.6292033578804941
0.5750000000000001	0.6500378063465092
0.58	0.6715445569706396
0.585	0.6937433091840571
0.59	0.7166541097987686
0.595	0.7402973353764539
0.6	0.7646936714869234
0.605	0.7909852786642615
0.61	0.8194609509755263
0.615	0.8488377624155311
0.62	0.8796492442844709
0.625	0.9123604630270442
0.63	0.9468744242620059
0.635	0.9826119590406321
0.64	1.0194359600821106
0.645	1.0573633085896588
0.65	1.096409875469864
0.655	1.1365903841339016
0.66	1.1779182625854765
0.665	1.2204054840968221
0.67	1.2640623957326496
0.675	1.308897533938164
0.68	1.3549174263610586
0.685	1.402126379028604
0.6900000000000001	1.4505262479494816
0.6950000000000001	1.5001161941556553
0.7000000000000001	1.550892421142241
0.705	1.6028478936028228
0.71	1.6559720362938446
0.715	1.7102504117943345
0.72	1.7656643758562343
0.725	1.8221907089656366
0.73	1.8798012226562655
0.735	1.9384623390331885
0.74	1.9981346418769201
0.745	2.0587723976054595
0.75	2.1203230442741408
0.755	2.1827266466902975
0.76	2.245915315611216
0.765	2.309812588879555
0.77	2.3743327722299337
0.775	2.4393802373733973
0.78	2.5048486748327505
0.785	2.5706202988607942
0.79	2.636565001625048
0.795	2.7025394536861644
0.8	2.7683861476325085
0.805	2.8339323815598987
0.81	2.8989891789028244
0.8150000000000001	2.9633501409310443
0.8200000000000001	3.0267902280229038
0.8250000000000001	3.0890644656134345
0.8300000000000001	3.1499065704907325
0.835	3.2090274928777363
0.84	3.2661138694877083
0.845	3.320826382479761
0.85	3.3727980189651983
0.855	3.4216322254252534
0.86	3.466900951095547
0.865	3.5081425740513543
0.87	3.544859703389715
0.875	3.576516850548783
0.88	3.602537962430723
0.885	3.622303808600746
0.89	3.6351492144208986
0.895	3.6437421902637794
0.9	3.658716028963805
0.905	3.665015688730086
0.91	3.661605809570434
0.915	3.647357328615154
0.92	3.6210397058332795
0.925	3.5813125252135265
0.93	3.526716421724377
0.935	3.455663280409831
0.9400000000000001	3.366425649701982
0.9450000000000001	3.2571253064130286
0.9500000000000001	3.125720904879533
0.9550000000000001	2.9699946373407373
0.96	2.7875378268078324
0.965	2.57573536738692
0.97	2.331748920216939
0.975	2.052498765833345
0.98	1.7346442058244986
0.985	1.3745623980616193
0.99	0.9683255005025637
0.995	0.5121621969690574
1.	0.