0.	0.
0.005	0.00009092727253280236
0.01	0.00018902410501063567
0.015	0.0002947047105261047
0.02	0.00040840394361053265
0.025	0.0005305782257220761
0.03	0.0006617065082088653
0.035	0.0008022912740774968
0.04	0.0009528595799342094
0.045	0.0011139641395034564
0.05	0.001286184450166276
0.055	0.001470127963998813
0.06	0.0016664313048295172
0.065	0.001875761532871783
0.07	0.0020988174585271657
0.075	0.002336331006992549
0.08	0.002589068635342873
0.085	0.0028578328037988463
0.09	0.0031434635029268
0.095	0.0034468398385548403
0.1	0.0037688816762260265
0.105	0.004110551347045155
0.11	0.004472855416810504
0.115	0.004856846520355846
0.12	0.005263625263060558
0.125	0.005694342191516812
0.13	0.00615019983537237
0.135	0.006632454822395075
0.14	0.007142420068830601
0.145	0.0076814670471481656
0.15	0.008251028133289273
0.155	0.00885259903555191
0.16	0.009487741307256835
0.165	0.010158084945352829
0.17	0.010865331077124328
0.17500000000000002	0.011611254737166486
0.18	0.012397707736789866
0.185	0.013226621628008613
0.19	0.014100010764251195
0.195	0.015019975459912894
0.2	0.015988705250840604
0.20500000000000002	0.01700848225780609
0.21	0.01808168465497918
0.215	0.01921079024536137
0.22	0.02039838014507618
0.225	0.021647142578341445
0.23	0.022959876784863748
0.23500000000000001	0.024339497041298855
0.24	0.025789036798312785
0.245	0.027311652934653624
0.25	0.028910630129505323
0.255	0.03058938535423907
0.26	0.032351472484503506
0.265	0.03420058703340322
0.27	0.03614057100630125
0.275	0.038175417877546025
0.28	0.040309277689165035
0.28500000000000003	0.042546462271282594
0.29	0.04489145058370859
0.295	0.047348894177804725
0.3	0.04992362277736364
0.305	0.052620649976831774
0.31	0.05544517905476818
0.315	0.05840260889995204
0.32	0.06149854004703607
0.325	0.06473878081807934
0.33	0.06812935356568847
0.335	0.0716765010128377
0.34	0.07538669268373166
0.34500000000000003	0.0792666314193087
0.35000000000000003	0.08332325997016098
0.355	0.08756376765875817
0.36	0.09199559710191027
0.365	0.09662645098337568
0.37	0.10146429886542227
0.375	0.10651738402696312
0.38	0.11179423031462021
0.385	0.11730364899170899
0.39	0.12305474556867706
0.395	0.129056926596969
0.4	0.13531990640661848
0.405	0.14185371376607836
0.41000000000000003	0.14866869844088923
0.41500000000000004	0.1557755376257429
0.42	0.16318524222231295
0.425	0.17090916293289501
0.43	0.17895899613741056
0.435	0.18734678951867464
0.44	0.19608494739799626
0.445	0.20518623574016318
0.45	0.21466378678364723
0.455	0.22453110324844136
0.46	0.23480206207028906
0.465	0.24549091760618855
0.47000000000000003	0.2566123042519144
0.47500000000000003	0.26818123840791164
0.48	0.2802131197252303
0.485	0.2927237315582089
0.49	0.3057292405453186
0.495	0.31924619523397274
0.5	0.3332915236591371
0.505	0.34788252977923806
0.51	0.36303688866613976
0.515	0.37877264033881947
0.52	0.39510818212278553
0.525	0.41206225940924435
0.53	0.42965395467948553
0.535	0.4479026746509073
0.54	0.46682813539150597
0.545	0.4864503452394815
0.55	0.5067895853538271
0.555	0.5278663877103437
0.56	0.5497015103454125
0.5650000000000001	0.5723159096370347
0.5700000000000001	0.5957307093990604
0.5750000000000001	0.6199671665501484
0.58	0.6450466331037656
0.585	0.6709905142094167
0.59	0.6978202219582254
0.595	0.7232410596411484
0.6	0.7483052987355671
0.605	0.7741820829391924
0.61	0.8008934248114126
0.615	0.8284615269787905
0.62	0.8569087402432289
0.625	0.8862575163397622
0.63	0.9165303548530382
0.635	0.9477497437608404
0.64	0.9799380930290574
0.645	1.0131176606350687
0.65	1.0473104703452893
0.655	1.082538220517336
0.66	1.1188221831375842
0.665	1.1561830922404994
0.67	1.1946410207865714
0.675	1.2342152450006731
0.68	1.2749240950917018
0.685	1.3154525807572905
0.6900000000000001	1.357048858209593
0.6950000000000001	1.3997857174519857
0.7000000000000001	1.4436769102763418
0.705	1.4887344486443879
0.71	1.5349683597945178
0.715	1.582386417790421
0.72	1.6309938494742815
0.725	1.6807930126176773
0.73	1.7317830438797783
0.735	1.7839594739838436
0.74	1.8373138073079707
0.745	1.8918330628534286
0.75	1.9474992733020342
0.755	2.0042889386014724
0.76	2.062172430222431
0.765	2.121113341912107
0.77	2.1810677824229625
0.775	2.2419836053215185
0.78	2.3037995705768965
0.785	2.3664444321904985
0.79	2.4298359456535072
0.795	2.4938797885051898
0.8	2.558468386708633
0.805	2.6234796389584076
0.81	2.6887755303825207
0.8150000000000001	2.754200626395063
0.8200000000000001	2.8195804366914596
0.8250000000000001	2.8847196385504357
0.8300000000000001	2.9494001477103233
0.835	3.0133790241165594
0.84	3.076386198785755
0.845	3.138122006892961
0.85	3.1982545109552984
0.855	3.256416596649042
0.86	3.3122028223498803
0.865	3.3651660019182095
0.87	3.4148134985525465
0.875	3.4606032056937135
0.88	3.501939188968234
0.885	3.5381669609984074
0.89	3.568568358564775
0.895	3.5923559890688552
0.9	3.6086672104933
0.905	3.616557606075319
0.91	3.6022459582661814
0.915	3.56868854560646
0.92	3.523078199303312
0.925	3.4643357998580044
0.93	3.3913074706389064
0.935	3.3027599782102612
0.9400000000000001	3.1973758691043344
0.9450000000000001	3.0737483286569347
0.9500000000000001	2.930375746769744
0.9550000000000001	2.765655974667906
0.96	2.5778802558856726
0.965	2.365226813834638
0.97	2.125754077386209
0.975	1.8573935249298719
0.98	1.5579421263498285
0.985	1.2250543612915021
0.99	0.8562337909642157
0.995	0.4488241595442011
1.	0.