0.	0.
0.005	0.058692551152634644
0.01	0.11476095282398698
0.015	0.168318929616635
0.02	0.2194752409162379
0.025	0.26833390503688304
0.03	0.31499441285550084
0.035	0.35955193144644815
0.04	0.40209749820158364
0.045	0.4427182058967269
0.05	0.48149737914222995
0.055	0.5185147426334339
0.06	0.5538465815959596
0.065	0.5875658948010473
0.07	0.6197425405074275
0.075	0.6502942177016361
0.08	0.671164640923634
0.085	0.6912467791336664
0.09	0.7106010854215676
0.095	0.7292799210446819
0.1	0.7473290053460094
0.105	0.7647885462916864
0.11	0.7816941338064217
0.115	0.7980774541744132
0.12	0.8139668675543513
0.125	0.8293878794390364
0.13	0.84436352899298
0.135	0.8589147115523638
0.14	0.8730604484714877
0.145	0.8868181144836828
0.15	0.9002036304985624
0.155	0.9132316280657357
0.16	0.9259155904474843
0.165	0.9382679742532541
0.17	0.9503003148212779
0.17500000000000002	0.9620233179322913
0.18	0.973446939967026
0.185	0.9845804582432286
0.19	0.9954325329673281
0.195	1.0060112619938057
0.2	1.0163242293892731
0.20500000000000002	1.026378548638503
0.21	1.0361809011987704
0.215	1.0457375710010623
0.22	1.0546234607046405
0.225	1.062803049225294
0.23	1.070769849409476
0.23500000000000001	1.0785288963833994
0.24	1.0860849459692965
0.245	1.0934424943414014
0.25	1.100605795882483
0.255	1.1075788794370303
0.26	1.114365563132317
0.265	1.1209694679172897
0.27	1.1273940299509064
0.275	1.1336425119558113
0.28	1.139718013639562
0.28500000000000003	1.1456234812738473
0.29	1.1513617165118304
0.295	1.1569353845148262
0.3	1.1623470214516844
0.305	1.1675990414274136
0.31	1.1726937428915645
0.315	1.173481702830158
0.32	1.1740549305623182
0.325	1.174533451001186
0.33	1.1749249637633299
0.335	1.1752367828574894
0.34	1.1754758535520633
0.34500000000000003	1.175648768377716
0.35000000000000003	1.1757617823041542
0.355	1.175820827128012
0.36	1.1758315251067635
0.365	1.1757992018716763
0.37	1.1757288986509764
0.375	1.1756253838326711
0.38	1.1754931638948114
0.385	1.1753364937293886
0.39	1.1751593863845593
0.395	1.1749656222484344
0.4	1.1747587576963094
0.405	1.1745421332218622
0.41000000000000003	1.1743188810716156
0.41500000000000004	1.1740919324007089
0.42	1.1738640239668938
0.425	1.1736377043785293
0.43	1.1734153399112757
0.435	1.1731991199071616
0.44	1.172991061768682
0.445	1.17279301555963
0.45	1.1726066682234204
0.455	1.1724335474287606
0.46	1.1722750250516463
0.465	1.1721323203017864
0.47000000000000003	1.1720065025007516
0.47500000000000003	1.1718984935182912
0.48	1.1718090698725012
0.485	1.1717388644987
0.49	1.1716883681911376
0.495	1.171657930720868
0.5	1.1716477616323853
0.505	1.1716579307208679
0.51	1.1716883681911376
0.515	1.1717388644986997
0.52	1.171809069872501
0.525	1.1718984935182915
0.53	1.1720065025007516
0.535	1.1721323203017864
0.54	1.172275025051646
0.545	1.1724335474287606
0.55	1.1726066682234202
0.555	1.1727930155596298
0.56	1.172991061768682
0.5650000000000001	1.1731991199071612
0.5700000000000001	1.173415339911276
0.5750000000000001	1.1736377043785295
0.58	1.1738640239668938
0.585	1.1740919324007089
0.59	1.1743188810716156
0.595	1.1745421332218622
0.6	1.1747587576963094
0.605	1.1749656222484344
0.61	1.1751593863845593
0.615	1.1753364937293886
0.62	1.1754931638948114
0.625	1.1756253838326711
0.63	1.1757288986509764
0.635	1.1757992018716763
0.64	1.1758315251067633
0.645	1.1758208271280117
0.65	1.1757617823041542
0.655	1.1756487683777161
0.66	1.1754758535520635
0.665	1.1752367828574894
0.67	1.1749249637633299
0.675	1.174533451001186
0.68	1.1740549305623182
0.685	1.1734817028301583
0.6900000000000001	1.1726937428915645
0.6950000000000001	1.1675990414274133
0.7000000000000001	1.1623470214516842
0.705	1.1569353845148265
0.71	1.1513617165118304
0.715	1.145623481273847
0.72	1.139718013639562
0.725	1.1336425119558113
0.73	1.1273940299509067
0.735	1.1209694679172895
0.74	1.114365563132317
0.745	1.1075788794370303
0.75	1.100605795882483
0.755	1.0934424943414014
0.76	1.0860849459692965
0.765	1.0785288963833992
0.77	1.0707698494094762
0.775	1.062803049225294
0.78	1.0546234607046405
0.785	1.0457375710010621
0.79	1.0361809011987702
0.795	1.0263785486385029
0.8	1.0163242293892731
0.805	1.0060112619938057
0.81	0.9954325329673281
0.8150000000000001	0.9845804582432286
0.8200000000000001	0.9734469399670259
0.8250000000000001	0.9620233179322912
0.8300000000000001	0.9503003148212777
0.835	0.9382679742532544
0.84	0.9259155904474842
0.845	0.9132316280657358
0.85	0.9002036304985626
0.855	0.886818114483683
0.86	0.8730604484714877
0.865	0.8589147115523639
0.87	0.84436352899298
0.875	0.8293878794390364
0.88	0.8139668675543513
0.885	0.7980774541744132
0.89	0.7816941338064217
0.895	0.7647885462916865
0.9	0.7473290053460094
0.905	0.7292799210446819
0.91	0.7106010854215676
0.915	0.6912467791336663
0.92	0.6711646409236339
0.925	0.6502942177016358
0.93	0.6197425405074272
0.935	0.587565894801047
0.9400000000000001	0.5538465815959592
0.9450000000000001	0.5185147426334333
0.9500000000000001	0.48149737914222956
0.9550000000000001	0.4427182058967264
0.96	0.40209749820158397
0.965	0.3595519314464484
0.97	0.3149944128555011
0.975	0.2683339050368832
0.98	0.21947524091623807
0.985	0.16831892961663514
0.99	0.11476095282398706
0.995	0.058692551152634685
1.	0.