0.	0.
0.005	0.19165066868199662
0.01	0.2669539883612375
0.015	0.3237316081308404
0.02	0.37093064545551063
0.025	0.4119987510012466
0.03	0.44869908962687205
0.035	0.4820772683786994
0.04	0.512813842537253
0.045	0.5413812370702368
0.05	0.568123315145775
0.055	0.5932996423085559
0.06	0.6171118896231825
0.065	0.6484048086039402
0.07	0.6816108246446038
0.075	0.7129960423281495
0.08	0.7426513453813972
0.085	0.7706631873179667
0.09	0.7971138129341835
0.095	0.8220814683579222
0.1	0.8456406002621606
0.105	0.867862044821164
0.11	0.8888132069552755
0.115	0.908558230380187
0.12	0.927158158948171
0.125	0.9446710897419655
0.13	0.961152318356748
0.135	0.9766544767817977
0.14	0.9912276642709571
0.145	1.0049195715697898
0.15	1.0177755988472972
0.155	1.0298389676611637
0.16	1.0411508272676502
0.165	1.0517503555704149
0.17	1.0616748549866386
0.17500000000000002	1.070959843493801
0.18	1.0796391411062813
0.185	1.0877449520175582
0.19	1.0953079426311148
0.195	1.1023573156912152
0.2	1.1089208807134043
0.20500000000000002	1.1150251209039144
0.21	1.1206952567470667
0.215	1.1259553064302208
0.22	1.1308281432667988
0.225	1.1353355502693898
0.23	1.1394982720168811
0.23500000000000001	1.1433360639519234
0.24	1.1468677392378395
0.245	1.1501112132972469
0.25	1.1535822132139493
0.255	1.15835448885488
0.26	1.1630348503694912
0.265	1.1674572151193516
0.27	1.1716339728091045
0.275	1.1755769848660227
0.28	1.1792976055956197
0.28500000000000003	1.1828067023917372
0.29	1.1861146750414837
0.295	1.1892314741634626
0.3	1.192166618815899
0.305	1.194929213309526
0.31	1.1975279632584048
0.315	1.1999711909002766
0.32	1.2022668497165059
0.325	1.204422538380226
0.33	1.2080665773017614
0.335	1.2129483067952587
0.34	1.2176680055093165
0.34500000000000003	1.222227318372997
0.35000000000000003	1.2266278121387848
0.355	1.2308709785839786
0.36	1.2349582374956007
0.365	1.2388909394542806
0.37	1.242670368431174
0.375	1.2462977442107186
0.38	1.2497742246508976
0.385	1.2531009077916488
0.39	1.2562788338211315
0.395	1.259308986908724
0.4	1.2621922969128432
0.405	1.2649296409709834
0.41000000000000003	1.267521844978739
0.41500000000000004	1.2699696849639786
0.42	1.2722738883618034
0.425	1.2744351351954433
0.43	1.276454059167766
0.435	1.2783312486676757
0.44	1.2800672476952808
0.445	1.2816625567093445
0.45	1.2831176334002088
0.455	1.2844328933910545
0.46	1.28560871087008
0.465	1.2866454191558858
0.47000000000000003	1.2875433111981194
0.47500000000000003	1.2883026400151472
0.48	1.2889236190703264
0.485	1.289406422588188
0.49	1.2897511858116488
0.495	1.2899580052011428
0.5	1.2900269385763692
0.505	1.2899580052011428
0.51	1.2897511858116486
0.515	1.289406422588188
0.52	1.2889236190703264
0.525	1.2883026400151474
0.53	1.2875433111981194
0.535	1.286645419155886
0.54	1.2856087108700796
0.545	1.2844328933910547
0.55	1.2831176334002086
0.555	1.2816625567093447
0.56	1.2800672476952808
0.5650000000000001	1.2783312486676757
0.5700000000000001	1.276454059167766
0.5750000000000001	1.2744351351954433
0.58	1.2722738883618034
0.585	1.2699696849639786
0.59	1.267521844978739
0.595	1.2649296409709834
0.6	1.262192296912843
0.605	1.259308986908724
0.61	1.2562788338211315
0.615	1.2531009077916488
0.62	1.2497742246508978
0.625	1.2462977442107186
0.63	1.2426703684311737
0.635	1.2388909394542804
0.64	1.234958237495601
0.645	1.2308709785839786
0.65	1.2266278121387848
0.655	1.222227318372997
0.66	1.2176680055093168
0.665	1.2129483067952582
0.67	1.2080665773017614
0.675	1.2044225383802258
0.68	1.2022668497165059
0.685	1.1999711909002766
0.6900000000000001	1.1975279632584046
0.6950000000000001	1.1949292133095262
0.7000000000000001	1.1921666188158992
0.705	1.1892314741634626
0.71	1.1861146750414837
0.715	1.1828067023917372
0.72	1.1792976055956197
0.725	1.1755769848660227
0.73	1.1716339728091048
0.735	1.1674572151193516
0.74	1.1630348503694912
0.745	1.1583544888548798
0.75	1.1535822132139493
0.755	1.1501112132972469
0.76	1.1468677392378395
0.765	1.1433360639519234
0.77	1.139498272016881
0.775	1.1353355502693896
0.78	1.1308281432667986
0.785	1.125955306430221
0.79	1.1206952567470665
0.795	1.1150251209039141
0.8	1.1089208807134046
0.805	1.1023573156912154
0.81	1.095307942631115
0.8150000000000001	1.087744952017558
0.8200000000000001	1.0796391411062811
0.8250000000000001	1.0709598434938008
0.8300000000000001	1.0616748549866388
0.835	1.051750355570415
0.84	1.04115082726765
0.845	1.029838967661164
0.85	1.0177755988472974
0.855	1.0049195715697898
0.86	0.9912276642709572
0.865	0.9766544767817977
0.87	0.9611523183567479
0.875	0.9446710897419655
0.88	0.927158158948171
0.885	0.908558230380187
0.89	0.8888132069552755
0.895	0.8678620448211641
0.9	0.8456406002621605
0.905	0.8220814683579221
0.91	0.7971138129341835
0.915	0.7706631873179665
0.92	0.742651345381397
0.925	0.7129960423281491
0.93	0.6816108246446034
0.935	0.6484048086039398
0.9400000000000001	0.6171118896231823
0.9450000000000001	0.5932996423085556
0.9500000000000001	0.5681233151457746
0.9550000000000001	0.5413812370702363
0.96	0.5128138425372534
0.965	0.4820772683786995
0.97	0.44869908962687227
0.975	0.41199875100124683
0.98	0.37093064545551085
0.985	0.3237316081308405
0.99	0.2669539883612377
0.995	0.19165066868199668
1.	0.