0.	0.
0.005	0.0016464124382170903
0.01	0.003507057253432838
0.015	0.005598828129097099
0.02	0.007939398113878988
0.025	0.0105472167729731
0.03	0.013441503605492568
0.035	0.01664223747788673
0.04	0.02017014182857005
0.045	0.024046665406227907
0.05	0.02829395831366543
0.055	0.03293484314066888
0.06	0.037992780983223964
0.065	0.04349183216263642
0.07	0.049456611476666815
0.075	0.05591223783574773
0.08	0.06288427816070075
0.085	0.07039868544410058
0.09	0.07848173090550853
0.095	0.08715993020116329
0.1	0.09645996368129298
0.105	0.10640859072290239
0.11	0.11703255820256377
0.115	0.1283585032122558
0.12	0.14041285016147714
0.125	0.15322170245051694
0.13	0.16681072894267124
0.135	0.18120504550711372
0.14	0.19642909194879427
0.145	0.2125065046868655
0.15	0.2294599855884215
0.155	0.24731116740944745
0.16	0.26608047633949283
0.165	0.28578699219032855
0.17	0.3064483068113733
0.17500000000000002	0.32808038135560336
0.18	0.3506974030585984
0.185	0.37431164222995655
0.19	0.39893331019013967
0.195	0.42457041891649405
0.2	0.45122864318939415
0.20500000000000002	0.47891118605274535
0.21	0.5076186484221901
0.215	0.5373489036888761
0.22	0.5680969781763094
0.225	0.5998549383123146
0.23	0.6326117853772064
0.23500000000000001	0.666353358682717
0.24	0.7010622480238292
0.245	0.7367177162272847
0.25	0.7732956325960479
0.255	0.8107684180183711
0.26	0.8491050024732576
0.265	0.8882707956211446
0.27	0.9282276711195322
0.275	0.968933965248279
0.28	1.0103444903684706
0.28500000000000003	1.052410563672443
0.29	1.0950800516109473
0.295	1.1382974303069446
0.3	1.182003862184462
0.305	1.2261372889558648
0.31	1.2706325410220867
0.315	1.3154214632486096
0.32	1.3604330569855614
0.325	1.4055936381041154
0.33	1.4508270107237327
0.335	1.4960546562067107
0.34	1.5411959368983101
0.34500000000000003	1.5865427862683275
0.35000000000000003	1.6321477505403181
0.355	1.677432502302873
0.36	1.7223072002109254
0.365	1.7666809605341243
0.37	1.8104621471495381
0.375	1.8535586710829142
0.38	1.8958782982980076
0.385	1.9373289643589424
0.39	1.9778190945235394
0.395	2.0172579277666687
0.4	2.0555558431824874
0.405	2.092624687173516
0.41000000000000003	2.128378099803276
0.41500000000000004	2.162731838668058
0.42	2.1956040986326637
0.425	2.226915825774848
0.43	2.2565910238939004
0.435	2.2845570519602667
0.44	2.310744910915615
0.445	2.335089518275673
0.45	2.357529969042044
0.455	2.378009781492811
0.46	2.3964771264958866
0.465	2.412885039071958
0.47000000000000003	2.4271916110263807
0.47500000000000003	2.4393601635695714
0.48	2.449359398953873
0.485	2.4571635302696944
0.49	2.4627523886650624
0.495	2.4661115073791207
0.5	2.467232182110916
0.505	2.46611150737912
0.51	2.4627523886650624
0.515	2.457163530269695
0.52	2.4493593989538733
0.525	2.439360163569572
0.53	2.4271916110263807
0.535	2.412885039071959
0.54	2.3964771264958853
0.545	2.378009781492812
0.55	2.3575299690420426
0.555	2.3350895182756743
0.56	2.310744910915613
0.5650000000000001	2.284557051960268
0.5700000000000001	2.256591023893899
0.5750000000000001	2.226915825774848
0.58	2.1956040986326637
0.585	2.1627318386680585
0.59	2.128378099803276
0.595	2.092624687173516
0.6	2.0555558431824874
0.605	2.0172579277666687
0.61	1.9778190945235394
0.615	1.9373289643589422
0.62	1.8958782982980078
0.625	1.8535586710829142
0.63	1.810462147149538
0.635	1.7666809605341245
0.64	1.7223072002109252
0.645	1.677432502302873
0.65	1.6321477505403181
0.655	1.5865427862683263
0.66	1.5411959368983101
0.665	1.4960546562067099
0.67	1.4508270107237329
0.675	1.4055936381041145
0.68	1.3604330569855612
0.685	1.315421463248608
0.6900000000000001	1.2706325410220864
0.6950000000000001	1.2261372889558642
0.7000000000000001	1.1820038621844617
0.705	1.1382974303069446
0.71	1.0950800516109485
0.715	1.052410563672443
0.72	1.0103444903684706
0.725	0.968933965248279
0.73	0.9282276711195322
0.735	0.8882707956211447
0.74	0.8491050024732577
0.745	0.8107684180183711
0.75	0.7732956325960479
0.755	0.7367177162272847
0.76	0.7010622480238292
0.765	0.6663533586827166
0.77	0.6326117853772063
0.775	0.5998549383123143
0.78	0.568096978176309
0.785	0.5373489036888758
0.79	0.5076186484221901
0.795	0.47891118605274513
0.8	0.4512286431893938
0.805	0.4245704189164938
0.81	0.39893331019013917
0.8150000000000001	0.3743116422299565
0.8200000000000001	0.35069740305859803
0.8250000000000001	0.32808038135560297
0.8300000000000001	0.3064483068113729
0.835	0.2857869921903287
0.84	0.26608047633949305
0.845	0.2473111674094475
0.85	0.22945998558842157
0.855	0.21250650468686563
0.86	0.19642909194879427
0.865	0.18120504550711372
0.87	0.16681072894267124
0.875	0.15322170245051694
0.88	0.14041285016147714
0.885	0.12835850321225575
0.89	0.11703255820256372
0.895	0.10640859072290235
0.9	0.0964599636812929
0.905	0.08715993020116324
0.91	0.07848173090550847
0.915	0.0703986854441005
0.92	0.06288427816070069
0.925	0.05591223783574766
0.93	0.04945661147666675
0.935	0.04349183216263636
0.9400000000000001	0.03799278098322391
0.9450000000000001	0.032934843140668815
0.9500000000000001	0.02829395831366537
0.9550000000000001	0.02404666540622785
0.96	0.020170141828570073
0.965	0.016642237477886755
0.97	0.013441503605492587
0.975	0.010547216772973114
0.98	0.007939398113878997
0.985	0.005598828129097105
0.99	0.003507057253432841
0.995	0.0016464124382170923
1.	0.