0.	0.
0.005	0.00003717739159572205
0.01	0.00007748433621025527
0.015	0.00012111875913255925
0.02	0.00016828968794031942
0.025	0.0002192178318885714
0.03	0.0002741361898700387
0.035	0.00033329068827770043
0.04	0.0003969408501576186
0.045	0.0004653604970997745
0.05	0.0005388384853766181
0.055	0.0006176794779033385
0.06	0.0007022047536605125
0.065	0.000792753056288903
0.07	0.0008896814836378014
0.075	0.0009933664201224428
0.08	0.001104204513822871
0.085	0.0012226137003360082
0.09	0.0013490342754749532
0.095	0.0014839300189944593
0.1	0.0016277893716093218
0.105	0.001781126667663104
0.11	0.0019444834258981597
0.115	0.0021184297008744646
0.12	0.002303565497684198
0.125	0.0025005222527115663
0.13	0.002709964383292765
0.135	0.0029325909092395596
0.14	0.0031691371493014317
0.145	0.003420376495755759
0.15	0.003687122270433039
0.155	0.003970229665604554
0.16	0.004270597773283226
0.165	0.004589171706614559
0.17	0.00492694481716348
0.17500000000000002	0.005284961012034356
0.18	0.005664317174895582
0.185	0.0060661656951165295
0.19	0.006491717109363087
0.195	0.0069422428601389995
0.2	0.007419078175902015
0.20500000000000002	0.007923625077528366
0.21	0.008457355516043378
0.215	0.00902181464668284
0.22	0.009618624244495179
0.225	0.01024948626684174
0.23	0.010916186568297931
0.23500000000000001	0.011620598773603257
0.24	0.012364688314451647
0.245	0.013150516636054575
0.25	0.013980245579547964
0.255	0.01485614194644792
0.26	0.015780582251490403
0.265	0.016756057670313913
0.27	0.0177851791885612
0.275	0.01887068295908612
0.28	0.02001543587405072
0.28500000000000003	0.021222441358788
0.29	0.0224948453943818
0.295	0.023835942775979224
0.3	0.025249183613897188
0.305	0.02673818008461427
0.31	0.02830671343874821
0.315	0.029958741273104755
0.32	0.03169840507384595
0.325	0.03353003803775708
0.33	0.03545817317849503
0.335	0.03748755172456548
0.34	0.039623131815606866
0.34500000000000003	0.04187009750334315
0.35000000000000003	0.0442338680633084
0.355	0.04672010762313237
0.36	0.04933473511280895
0.365	0.052083934541937146
0.37	0.05497416560842648
0.375	0.058012174642584347
0.38	0.06120500588984855
0.385	0.06456001313468383
0.39	0.06808487166732013
0.395	0.0717875905940637
0.4	0.07567652549084854
0.405	0.07976039139850824
0.41000000000000003	0.0840482761569232
0.41500000000000004	0.08854965407372346
0.42	0.09327439992159357
0.425	0.09823280325641476
0.43	0.10343558304647776
0.435	0.10889390260079625
0.44	0.11461938478211468
0.445	0.12062412748753841
0.45	0.12692071937677235
0.455	0.13352225582474325
0.46	0.14044235507184788
0.465	0.14769517454122127
0.47000000000000003	0.15529542728819462
0.47500000000000003	0.16325839854252036
0.48	0.17159996229891117
0.485	0.1803365979059789
0.49	0.18948540659769048
0.495	0.19906412790498312
0.5	0.20909115587812685
0.505	0.21958555504276167
0.51	0.23056707600422163
0.515	0.24205617060572857
0.52	0.2540740065362495
0.525	0.26664248127319995
0.53	0.279784235233678
0.535	0.29352266399546734
0.54	0.30810872765698805
0.545	0.3233997002357136
0.55	0.3393807640655699
0.555	0.35607896615925166
0.56	0.3735221294643377
0.5650000000000001	0.39173885171722683
0.5700000000000001	0.41075850163348976
0.5750000000000001	0.4306112121377184
0.58	0.4513278703110777
0.585	0.47294010370805434
0.59	0.4954802626651983
0.595	0.5189813981938631
0.6	0.5434772350158822
0.605	0.5690021392656582
0.61	0.5955910803440948
0.615	0.6232795863690047
0.62	0.6521036926228856
0.625	0.6820998823520831
0.63	0.713305019221124
0.635	0.7457562706721869
0.64	0.7794910213820425
0.645	0.8145467759470784
0.65	0.8509610498609439
0.655	0.8887712477786291
0.66	0.9280145279851111
0.665	0.9687276519057233
0.67	1.0117323276043548
0.675	1.0576437447017337
0.68	1.1059659262528823
0.685	1.1560228593230473
0.6900000000000001	1.2078426978862904
0.6950000000000001	1.2638997416147195
0.7000000000000001	1.322263568997876
0.705	1.382576459417047
0.71	1.4448480958233698
0.715	1.509082886762925
0.72	1.575279422703291
0.725	1.643429897135194
0.73	1.713519490840326
0.735	1.7855257176745407
0.74	1.8594177301745356
0.745	1.9351555832559062
0.75	2.01268945423118
0.755	2.0919588173384285
0.76	2.1728915709342775
0.765	2.2554031154699707
0.77	2.3393953803356067
0.775	2.4247557976260357
0.78	2.5113562208523934
0.785	2.5990517865959255
0.79	2.6876797170760764
0.795	2.7770580615827227
0.8	2.8669843747033252
0.805	2.957234329259864
0.81	3.047560261857875
0.8150000000000001	3.1376896489411
0.8200000000000001	3.227323511240152
0.8250000000000001	3.3161347445029636
0.8300000000000001	3.4037663743982405
0.835	3.4898297334915447
0.84	3.5739025582067336
0.845	3.6555270037040652
0.85	3.7342075746301493
0.855	3.8094089697246365
0.86	3.8805538383043925
0.865	3.9470204466878633
0.87	4.008140252671224
0.875	4.063195386223407
0.88	4.111416034629858
0.885	4.151977730385297
0.89	4.183998540213456
0.895	4.206536153678037
0.9	4.221363568280367
0.905	4.225742966970245
0.91	4.21754016187064
0.915	4.207096795487316
0.92	4.191346120732078
0.925	4.159338299515059
0.93	4.109226537398204
0.935	4.0390034039996685
0.9400000000000001	3.9464883154248835
0.9450000000000001	3.8293140968553647
0.9500000000000001	3.684912560044211
0.9550000000000001	3.510499025941905
0.96	3.3030557178413327
0.965	3.0593139452660107
0.97	2.775734993308355
0.975	2.448489626231031
0.98	2.0734361078490826
0.985	1.6460966344864028
0.99	1.1616320691178028
0.995	0.6148148576372306
1.	0.