0.	0.
0.005	0.021740053422061992
0.01	0.04360543413415531
0.015	0.06558973939003643
0.02	0.08768646864090322
0.025	0.1098890259740315
0.03	0.13219072262462117
0.035	0.15458477955978353
0.04	0.17706433013353945
0.045	0.19962242281163886
0.05	0.22225202396495086
0.055	0.24494602073011523
0.06	0.26769722393608697
0.065	0.2904983710951474
0.07	0.31334212945689877
0.075	0.33622109912370063
0.08	0.3591278162259547
0.085	0.3820547561555839
0.09	0.40499433685600406
0.095	0.42793892216683
0.1	0.4508808252215052
0.105	0.4738123118959974
0.11	0.4967256043066503
0.115	0.5196128843552318
0.12	0.5424662973191778
0.125	0.5652779554849781
0.13	0.5880399418226112
0.135	0.610744313698891
0.14	0.6333831066275464
0.145	0.6559483380538144
0.15	0.6784320111712915
0.155	0.7008261187687461
0.16	0.7231226471045692
0.165	0.7453135798064954
0.17	0.7673909017942022
0.17500000000000002	0.789346603222367
0.18	0.8111726834417247
0.185	0.8328611549756513
0.19	0.8544040475097723
0.195	0.875793411892064
0.2	0.8970213241409136
0.20500000000000002	0.9180798894585599
0.21	0.9389612462473471
0.215	0.9596575701261859
0.22	0.9801610779446221
0.225	1.0004640317918851
0.23	1.0205587429982972
0.23500000000000001	1.0404375761264084
0.24	1.0600929529492131
0.245	1.0795173564128175
0.25	1.0987033345809087
0.255	1.1176435045583966
0.26	1.1363305563915869
0.265	1.1547572569422635
0.27	1.1729164537330559
0.275	1.1908010787614913
0.28	1.208404152280126
0.28500000000000003	1.2257187865401862
0.29	1.2424344454860077
0.295	1.2587787608961194
0.3	1.274814135861403
0.305	1.290534702829555
0.31	1.3059346978129929
0.315	1.3210084632774888
0.32	1.335750450983345
0.325	1.3501552247773054
0.33	1.364217463333396
0.335	1.3779319628409479
0.34	1.391293639638053
0.34500000000000003	1.4042975327887752
0.35000000000000003	1.4169388066024213
0.355	1.4292127530932695
0.36	1.4411147943791347
0.365	1.4526404850172283
0.37	1.46378551427578
0.375	1.4745457083399498
0.38	1.4849170324505812
0.385	1.4948955929744043
0.39	1.504477639404329
0.395	1.5136595662885188
0.4	1.5224379150869756
0.405	1.5308093759544215
0.41000000000000003	1.5387707894482985
0.41500000000000004	1.5463191481607645
0.42	1.5534515982736106
0.425	1.5601654410350685
0.43	1.5664581341575403
0.435	1.5723272931353156
0.44	1.5777706924814234
0.445	1.5827862668827706
0.45	1.587372112272836
0.455	1.5915264868211765
0.46	1.595247811839118
0.465	1.5985346726010017
0.47000000000000003	1.6013858190804688
0.47500000000000003	1.603800166601268
0.48	1.605776796402175
0.485	1.6073149561156346
0.49	1.6084140601598114
0.495	1.6090736900437925
0.5	1.6092935945857312
0.505	1.6090736900437923
0.51	1.6084140601598116
0.515	1.6073149561156344
0.52	1.605776796402175
0.525	1.603800166601268
0.53	1.6013858190804688
0.535	1.598534672601002
0.54	1.5952478118391176
0.545	1.5915264868211767
0.55	1.5873721122728355
0.555	1.5827862668827706
0.56	1.5777706924814232
0.5650000000000001	1.572327293135316
0.5700000000000001	1.5664581341575399
0.5750000000000001	1.5601654410350687
0.58	1.5534515982736106
0.585	1.5463191481607645
0.59	1.5387707894482985
0.595	1.5308093759544215
0.6	1.5224379150869758
0.605	1.513659566288519
0.61	1.5044776394043289
0.615	1.494895592974404
0.62	1.484917032450581
0.625	1.4745457083399498
0.63	1.4637855142757803
0.635	1.4526404850172285
0.64	1.4411147943791347
0.645	1.4292127530932695
0.65	1.4169388066024216
0.655	1.4042975327887752
0.66	1.391293639638053
0.665	1.3779319628409474
0.67	1.3642174633333959
0.675	1.350155224777305
0.68	1.3357504509833449
0.685	1.3210084632774886
0.6900000000000001	1.3059346978129929
0.6950000000000001	1.2905347028295548
0.7000000000000001	1.274814135861403
0.705	1.2587787608961194
0.71	1.242434445486008
0.715	1.225718786540186
0.72	1.208404152280126
0.725	1.1908010787614913
0.73	1.172916453733056
0.735	1.1547572569422635
0.74	1.1363305563915869
0.745	1.1176435045583966
0.75	1.0987033345809087
0.755	1.0795173564128178
0.76	1.0600929529492131
0.765	1.0404375761264082
0.77	1.020558742998297
0.775	1.000464031791885
0.78	0.9801610779446219
0.785	0.9596575701261858
0.79	0.9389612462473469
0.795	0.9180798894585598
0.8	0.8970213241409133
0.805	0.8757934118920639
0.81	0.8544040475097718
0.8150000000000001	0.832861154975651
0.8200000000000001	0.8111726834417242
0.8250000000000001	0.7893466032223667
0.8300000000000001	0.767390901794202
0.835	0.7453135798064956
0.84	0.7231226471045693
0.845	0.7008261187687461
0.85	0.6784320111712915
0.855	0.6559483380538147
0.86	0.6333831066275464
0.865	0.610744313698891
0.87	0.5880399418226112
0.875	0.5652779554849781
0.88	0.5424662973191778
0.885	0.5196128843552317
0.89	0.49672560430665014
0.895	0.4738123118959974
0.9	0.450880825221505
0.905	0.4279389221668299
0.91	0.4049943368560039
0.915	0.38205475615558365
0.92	0.35912781622595447
0.925	0.3362210991237005
0.93	0.3133421294568985
0.935	0.2904983710951472
0.9400000000000001	0.26769722393608675
0.9450000000000001	0.24494602073011493
0.9500000000000001	0.22225202396495058
0.9550000000000001	0.19962242281163856
0.96	0.17706433013353962
0.965	0.15458477955978364
0.97	0.13219072262462134
0.975	0.1098890259740316
0.98	0.08768646864090332
0.985	0.06558973939003648
0.99	0.04360543413415535
0.995	0.02174005342206201
1.	0.