0.	0.
0.005	0.030126110532661197
0.01	0.059787792184008114
0.015	0.08899201369869761
0.02	0.11774560887845953
0.025	0.14605527878907112
0.03	0.17392759391896678
0.035	0.20136899629037308
0.04	0.228385801523837
0.045	0.2549842008569958
0.05	0.281170263118415
0.055	0.3069499366573016
0.06	0.3323290512298803
0.065	0.35731331984320064
0.07	0.38190834055712375
0.075	0.40611959824522076
0.08	0.42995246631529455
0.085	0.4534122083902191
0.09	0.4765039799497757
0.095	0.4992328299341443
0.1	0.5216037023096943
0.105	0.5436214375977021
0.11	0.5652907743666054
0.115	0.5866163506883897
0.12	0.607602705559687
0.125	0.6282542802881486
0.13	0.6485754198446437
0.135	0.6685703741818163
0.14	0.6882432995195216
0.145	0.7075982595976442
0.15	0.7266392268967962
0.155	0.7453700838273642
0.16	0.7637946238873781
0.165	0.7819165527896449
0.17	0.7997394895585931
0.17500000000000002	0.8172669675972457
0.18	0.8345024357247367
0.185	0.851449259184775
0.19	0.8681107206254345
0.195	0.8844900210506548
0.2	0.9005902807438088
0.20500000000000002	0.9164145401636945
0.21	0.931965760813287
0.215	0.9472468260815818
0.22	0.9622605420588445
0.225	0.9770096383255771
0.23	0.9914967687154921
0.23500000000000001	1.0057245120527791
0.24	1.0196953728639422
0.245	1.0334117820644655
0.25	1.0468760976205613
0.255	1.0600313136307304
0.26	1.0728855477100114
0.265	1.0854942037444455
0.27	1.0978595159877467
0.275	1.1099836444858595
0.28	1.12186867567756
0.28500000000000003	1.1331764898825647
0.29	1.1439955875709085
0.295	1.1545835125506436
0.3	1.164942784597754
0.305	1.1750758325245054
0.31	1.1849849950619489
0.315	1.194672521701708
0.32	1.2041405734974635
0.325	1.213391223826509
0.33	1.2224264591117469
0.335	1.2312481795044707
0.34	1.2398581995282398
0.34500000000000003	1.2482582486841567
0.35000000000000003	1.2559784169925057
0.355	1.2623179374510425
0.36	1.2663589347978512
0.365	1.270238110460639
0.37	1.273959358437185
0.375	1.2775263970099102
0.38	1.2809427723781792
0.385	1.2842118621140637
0.39	1.2873368784455637
0.395	1.290320871371076
0.4	1.2931667316086954
0.405	1.2958771933837319
0.41000000000000003	1.2984548370576456
0.41500000000000004	1.3009020916014025
0.42	1.3032212369160796
0.425	1.305414406003359
0.43	1.307483586988382
0.435	1.3094306249972547
0.44	1.3112572238913336
0.445	1.312964947860241
0.45	1.3145552228754114
0.455	1.3160293380057924
0.46	1.317388446597174
0.465	1.318633567316457
0.47000000000000003	1.3197655850620178
0.47500000000000003	1.3207852517411676
0.48	1.3216931869155604
0.485	1.3224898783152357
0.49	1.3231756822218494
0.495	1.3237508237214792
0.5	1.3242153968272523
0.505	1.324569364471883
0.51	1.3248125583700716
0.515	1.3249446787505477
0.52	1.324965293957413
0.525	1.3248738399202609
0.53	1.3246696194924295
0.535	1.3243518016565634
0.54	1.3239194205965295
0.545	1.3233713746345532
0.55	1.3227064250323164
0.555	1.3219231946545635
0.56	1.321020166493635
0.5650000000000001	1.31999568205316
0.5700000000000001	1.3188479395889958
0.5750000000000001	1.3175749922053144
0.58	1.3161747458035786
0.585	1.314644956881981
0.59	1.3129832301827218
0.595	1.311187016184345
0.6	1.309253608436152
0.605	1.3071801407315267
0.61	1.3049635841168221
0.615	1.3026007437322422
0.62	1.3000882554809747
0.625	1.2974225825225987
0.63	1.2946000115865934
0.635	1.2916166491015548
0.64	1.2884684171354872
0.645	1.2851510491423261
0.65	1.2816600855095945
0.655	1.2779908689018527
0.66	1.2741385393943558
0.665	1.2700980293910602
0.67	1.2658640583208634
0.675	1.2614311271056726
0.68	1.2567935123936198
0.685	1.2519452605504369
0.6900000000000001	1.2468801814017059
0.6950000000000001	1.2415918417183738
0.7000000000000001	1.2360735584376035
0.705	1.2303183916106841
0.71	1.2243191370693818
0.715	1.2180683188017414
0.72	1.2115581810279799
0.725	1.2047806799667184
0.73	1.1977274752813962
0.735	1.1903899211962976
0.74	1.1827590572711781
0.745	1.1748255988230385
0.75	1.1665799269831203
0.755	1.1580120783767136
0.76	1.1491117344128745
0.765	1.1398682101706112
0.77	1.1302704428675776
0.775	1.1203069798967331
0.78	1.1099659664158599
0.785	1.099235132474208
0.79	1.088101779659926
0.795	1.0765527672512645
0.8	1.0645744978538791
0.805	1.0521529025058385
0.81	1.039273425231214
0.8150000000000001	1.0259210070223774
0.8200000000000001	1.0120800692303236
0.8250000000000001	0.9977344963415177
0.8300000000000001	0.9828676181189221
0.835	0.9665785900606809
0.84	0.9471693617424763
0.845	0.9272509398727363
0.85	0.9068144740329689
0.855	0.8858509198231982
0.86	0.8643510351094112
0.865	0.8423053761852518
0.87	0.819704293846094
0.875	0.7965379293735817
0.88	0.772796210428669
0.885	0.748468846851158
0.89	0.7235453263636697
0.895	0.6980149101779446
0.9	0.671866628501311
0.905	0.6450892759411093
0.91	0.617671406804805
0.915	0.5896013302934716
0.92	0.5608671055862612
0.925	0.5314565368134313
0.93	0.501357167915429
0.935	0.47055627738547745
0.9400000000000001	0.43904087289304716
0.9450000000000001	0.4067976857855267
0.9500000000000001	0.3738131654653494
0.9550000000000001	0.34007347363975526
0.96	0.30556447844031115
0.965	0.2702717484092258
0.97	0.23418054634944785
0.975	0.19727582303542926
0.98	0.15954221078139127
0.985	0.12096401686383347
0.99	0.08152521679495346
0.995	0.04120944744356285
1.	0.