0.	0.
0.01	0.00536414960244412
0.02	0.011292292935578263
0.03	0.01781657115938192
0.04	0.024969631405065043
0.05	0.03278453150856544
0.06	0.04129463554630122
0.07	0.05053350003217157
0.08	0.060534750677900664
0.09	0.07133194966555854
0.1	0.08295845343139797
0.11	0.09544726101392055
0.12	0.10883085307619166
0.13	0.1231410217726988
0.14	0.13840869169428904
0.15	0.15466373219069315
0.16	0.17193476143857564
0.17	0.19024894269363282
0.18	0.20963177323765597
0.19	0.23010686660530508
0.2	0.251695728750186
0.21	0.2744175288852608
0.22	0.29828886580815017
0.23	0.3233235305970278
0.24	0.3495322666370142
0.25	0.37692252800970166
0.26	0.40549823734910445
0.27	0.4352595443353423
0.28	0.46620258606210785
0.29	0.49831925057483684
0.3	0.5315969449328585
0.31	0.5660183692000318
0.32	0.6015612978138433
0.33	0.63819836982205
0.34	0.6758968895080841
0.35000000000000003	0.7146186389510211
0.36	0.7543197040823985
0.37	0.794950315810022
0.38	0.8364547077776247
0.39	0.8787709923184185
0.4	0.9218310561397692
0.41000000000000003	0.9655604772451191
0.42	1.009878464557564
0.43	1.054697821656945
0.44	1.0999249359787884
0.45	1.1454597947488254
0.46	1.191316211697054
0.47000000000000003	1.2422184739324187
0.48	1.293209138984847
0.49	1.3441188273645353
0.5	1.3947807261647613
0.51	1.4450204778244249
0.52	1.4946566529911476
0.53	1.5435012852643495
0.54	1.591360467133
0.55	1.6380350059456064
0.56	1.6833211382620865
0.5700000000000001	1.7270113004424172
0.58	1.7688949528294888
0.59	1.8087594543878442
0.6	1.8463909841703283
0.61	1.8815755055058627
0.62	1.9140997683381247
0.63	1.9437523447017049
0.64	1.9703246919038295
0.65	1.9936122375906944
0.66	2.0134154805222444
0.67	2.0295411005620947
0.68	2.0418030711143356
0.6900000000000001	2.0500237670098316
0.7000000000000001	2.0540350606648423
0.71	2.0536793992073155
0.72	2.0488108551936604
0.73	2.0392961435234014
0.74	2.0250155972024233
0.75	2.0058640947087785
0.76	1.9817519318787031
0.77	1.952605631454715
0.78	1.9183686837217893
0.79	1.8790022120004954
0.8	1.8358859813209418
0.81	1.7884278779198441
0.8200000000000001	1.7358052536829167
0.8300000000000001	1.6784934481535267
0.84	1.6174571564550597
0.85	1.5513470332725108
0.86	1.4801055713390003
0.87	1.4037779525631804
0.88	1.3243991321086506
0.89	1.2403361076367763
0.9	1.1511794658785195
0.91	1.0570384092973455
0.92	0.9580048160652067
0.93	0.8540800428233608
0.9400000000000001	0.7453651660131531
0.9500000000000001	0.6319761623154573
0.96	0.5140437784045445
0.97	0.39171334077753384
0.98	0.26514450568112025
0.99	0.13451094946488434
1.	0.