0.	0.
0.01	0.003536633416376756
0.02	0.007551534691184734
0.03	0.012082136411379705
0.04	0.01716725514015311
0.05	0.022847013313932765
0.06	0.029162745863998824
0.07	0.03615689085247927
0.08	0.04387286347509831
0.09	0.052354912856558966
0.1	0.061647961149066115
0.11	0.07179742454036699
0.12	0.0828490158848196
0.13	0.09484852878930619
0.14	0.10784160311507034
0.15	0.12187347199643682
0.16	0.13698869062738595
0.17	0.15323084722649202
0.18	0.1706422567590283
0.19	0.18926363817119157
0.2	0.2091337760743405
0.21	0.2302891680056949
0.22	0.2527636585847354
0.23	0.27658806208012315
0.24	0.3017897750986891
0.25	0.32839238130419135
0.26	0.35641525026725784
0.27	0.38587313273725693
0.28	0.41677575480973605
0.29	0.44912741363742387
0.3	0.4829265774964446
0.31	0.5181654931701367
0.32	0.5548298037485264
0.33	0.5928981800598445
0.34	0.632341969049382
0.35000000000000003	0.6731248624983417
0.36	0.7152025895291612
0.37	0.7585226363721878
0.38	0.8030239968698228
0.39	0.8486369571667699
0.4	0.8952829179774353
0.41000000000000003	0.9428742577327005
0.42	0.9910993387107723
0.43	1.0390827157266536
0.44	1.087649993796501
0.45	1.1366847980348753
0.46	1.1852512999249787
0.47000000000000003	1.233448708927387
0.48	1.2816716105234824
0.49	1.3282973384510555
0.5	1.3738097912606213
0.51	1.418741697011666
0.52	1.463109505545398
0.53	1.5067661267719277
0.54	1.5495595761372163
0.55	1.5913333038640542
0.56	1.6319265570040382
0.5700000000000001	1.6711747738950062
0.58	1.70891001042944
0.59	1.7449613973468736
0.6	1.7791556275683733
0.61	1.8113174723949694
0.62	1.841270325195692
0.63	1.868836771015881
0.64	1.8938391803440453
0.65	1.916100325087037
0.66	1.935444014620063
0.67	1.9516957496014367
0.68	1.9646833910733015
0.6900000000000001	1.9742378422102371
0.7000000000000001	1.9801937399289313
0.71	1.9823901534352986
0.72	1.980671286661765
0.73	1.9748871814380786
0.74	1.9648944181450638
0.75	1.950556810523246
0.76	1.9317460912481703
0.77	1.9083425848423017
0.78	1.8802358644705104
0.79	1.8473253891626993
0.8	1.8095211180238633
0.81	1.7667440980289573
0.8200000000000001	1.7189270220576978
0.8300000000000001	1.6660147539029533
0.84	1.605166847902013
0.85	1.5352566524182205
0.86	1.4604761750701485
0.87	1.3809408524731688
0.88	1.296785572301775
0.89	1.2081643568997655
0.9	1.1152499397812414
0.91	1.0182332363121434
0.92	0.917322710622231
0.93	0.812743641549441
0.9400000000000001	0.7047372911558812
0.9500000000000001	0.593559980070746
0.96	0.479482074603796
0.97	0.3627868912275489
0.98	0.2437695246411236
0.99	0.12273560619811964
1.	0.