0.	0.
0.01	0.009376351572317037
0.02	0.019264694684952514
0.03	0.029678936701035993
0.04	0.0406328964181549
0.05	0.05214027209660545
0.06	0.0642146076316402
0.07	0.07686925681266764
0.08	0.09011734561212709
0.09	0.1039717324466096
0.1	0.11844496635271316
0.11	0.1335492430201291
0.12	0.1492963586245411
0.13	0.16569766140309888
0.14	0.18276400091549952
0.15	0.20050567493407603
0.16	0.2189323739067619
0.17	0.23805312293737332
0.18	0.25787622122832893
0.19	0.27840917893172473
0.2	0.29965865135558206
0.21	0.3216303704731226
0.22	0.3443290736840667
0.23	0.36775842977823325
0.24	0.3919209620531255
0.25	0.4168179685387231
0.26	0.4424494392843852
0.27	0.4688139706645802
0.28	0.4959086766621223
0.29	0.5237290970897018
0.3	0.5522691027127525
0.31	0.5815207972391072
0.32	0.6114744161434611
0.33	0.6421182222973795
0.34	0.6734383983784717
0.35000000000000003	0.7054189360353949
0.36	0.7380415217885613
0.37	0.7712854196497969
0.38	0.8051273504477395
0.39	0.8395413678494806
0.4	0.8744987310728288
0.41000000000000003	0.9099677742876372
0.42	0.9459137727088514
0.43	0.9822988053883394
0.44	1.0190816147171329
0.45	1.056217462654453
0.46	1.0982101792980303
0.47000000000000003	1.1407332494764648
0.48	1.183520912030836
0.49	1.226487358366651
0.5	1.2695411333345212
0.51	1.3125850541373558
0.52	1.3555161405968623
0.53	1.3982255575102596
0.54	1.4405985698198618
0.55	1.4825145113069622
0.56	1.5238467675070975
0.5700000000000001	1.5644627735262593
0.58	1.6042240274168817
0.59	1.64298611974842
0.6	1.6805987799799904
0.61	1.716905940211922
0.62	1.7517458168590392
0.63	1.7849510107512025
0.64	1.816348626125993
0.65	1.8457604089345288
0.66	1.8730029048342967
0.67	1.897887637192601
0.68	1.9202213053709483
0.6900000000000001	1.9398060035043585
0.7000000000000001	1.9564394599305004
0.71	1.9699152973617315
0.72	1.9800233138287018
0.73	1.9865497843574569
0.74	1.9892777832729778
0.75	1.987987526951137
0.76	1.9824567367682848
0.77	1.972461021923373
0.78	1.9577742817318744
0.79	1.9382251392737082
0.8	1.9149620193565937
0.81	1.8870890023345503
0.8200000000000001	1.8536287522787664
0.8300000000000001	1.814325079802051
0.84	1.7689196390037802
0.85	1.7173789854225325
0.86	1.659516992172071
0.87	1.5955148645536033
0.88	1.5279949562636603
0.89	1.453098306938167
0.9	1.3700961174096578
0.91	1.2785878345854755
0.92	1.1781607200576159
0.93	1.0683896962832442
0.9400000000000001	0.9488371986469147
0.9500000000000001	0.8190530337688994
0.96	0.6785742444287459
0.97	0.5269249814774992
0.98	0.36361638311605915
0.99	0.18814646192069417
1.	0.