0.	0.
0.005	0.03894597576644757
0.01	0.0768760074186707
0.015	0.11381736614944821
0.02	0.1497965546939786
0.025	0.18483932952517815
0.03	0.2189707223615649
0.035	0.2522150610095677
0.04	0.2845959895613633
0.045	0.3161364879686343
0.05	0.3468588910119559
0.055	0.37678490668485476
0.06	0.4059356340109476
0.065	0.43433158031194613
0.07	0.4619926779437201
0.075	0.4889383005170358
0.08	0.5151872786190269
0.085	0.5407579150509219
0.09	0.5656679995970297
0.095	0.5899348233394861
0.1	0.6135751925327755
0.105	0.6366054420515778
0.11	0.6590414484250389
0.115	0.6808986424701174
0.12	0.7021920215362503
0.125	0.7229361613731603
0.13	0.7431452276332415
0.135	0.7628329870195697
0.14	0.7820128180902242
0.145	0.8006977217292426
0.15	0.8189003312941912
0.155	0.836632922449993
0.16	0.8539074226983431
0.165	0.8707354206117138
0.17	0.8871281747806696
0.17500000000000002	0.9030966224828962
0.18	0.9186513880820881
0.185	0.9338027911645482
0.19	0.9485608544210982
0.195	0.9629353112816329
0.2	0.9769356133094199
0.20500000000000002	0.9905709373619787
0.21	1.0038501925251722
0.215	1.016782026826888
0.22	1.029374833736495
0.225	1.0416367584560242
0.23	1.0535757040088396
0.23500000000000001	1.0651993371313484
0.24	1.0765150939731227
0.245	1.0875301856105999
0.25	1.098251603379365
0.255	1.1086861240298322
0.26	1.1188403147109736
0.265	1.1287205377865797
0.27	1.1380776779387825
0.275	1.1465674437109448
0.28	1.1548068238747373
0.28500000000000003	1.162802367025908
0.29	1.1705603978528225
0.295	1.178087022688351
0.3	1.185388134854263
0.305	1.1924694198037993
0.31	1.1993363600678588
0.315	1.2059942400100263
0.32	1.2124481503954403
0.325	1.2187029927783117
0.33	1.2247634837126744
0.335	1.2306341587907819
0.34	1.236319376513352
0.34500000000000003	1.2413748053620777
0.35000000000000003	1.2445877740619506
0.355	1.2476549015150955
0.36	1.2505810578627665
0.365	1.253370895067963
0.37	1.2560288527233958
0.375	1.2585591635843905
0.38	1.2609606862107545
0.385	1.2632343290727623
0.39	1.2653920136011894
0.395	1.2674371999244556
0.4	1.2693731648829707
0.405	1.2712030060797057
0.41000000000000003	1.2729296457026174
0.41500000000000004	1.2745558341243322
0.42	1.2760841532842015
0.425	1.2775170198575028
0.43	1.2788566882162566
0.435	1.28010525318584
0.44	1.2812646526012654
0.445	1.282336669666722
0.45	1.283322935121684
0.455	1.2842249292166237
0.46	1.2850439835010852
0.465	1.2857812824266168
0.47000000000000003	1.2864378647667956
0.47500000000000003	1.2870146248563128
0.48	1.287512313650844
0.485	1.2879315396091624
0.49	1.2882727693987148
0.495	1.288536328425622
0.5	1.288722401189824
0.505	1.2888310314658422
0.51	1.288862122309389
0.515	1.2888154358898014
0.52	1.2886905931480426
0.525	1.2884870732797646
0.53	1.2882042130426732
0.535	1.2878412058872004
0.54	1.287397100909231
0.545	1.2868708016233874
0.55	1.2862610645551096
0.555	1.2855664976495316
0.56	1.284785558494873
0.5650000000000001	1.2839165523578164
0.5700000000000001	1.2829576300280714
0.5750000000000001	1.2819067854690405
0.58	1.2807618532712508
0.585	1.2795205059049
0.59	1.2781802507676028
0.595	1.2767384270231168
0.6	1.2751922022265194
0.605	1.273538568731011
0.61	1.2717743398711843
0.615	1.2698961459172917
0.62	1.267900429794686
0.625	1.2657834425622858
0.63	1.2635412386435334
0.635	1.2611696708029834
0.64	1.2586643848612389
0.645	1.256020814140594
0.65	1.2532341736333237
0.655	1.2502994538841445
0.66	1.2472114145779394
0.665	1.243964577823395
0.67	1.2405532211227328
0.675	1.2369713700172376
0.68	1.2332127903977892
0.685	1.229270980469089
0.6900000000000001	1.22513916235573
0.6950000000000001	1.2208102733377189
0.7000000000000001	1.2162769567024603
0.705	1.2115315521996313
0.71	1.2065660860847431
0.715	1.2013722607365411
0.72	1.1959414438327127
0.725	1.1902646570676867
0.73	1.1843325643955656
0.735	1.1781354597804723
0.74	1.1716632544358143
0.745	1.164905463533129
0.75	1.1578511923603303
0.755	1.150489121908272
0.76	1.1428074938636188
0.765	1.134794094985044
0.77	1.1264362408387574
0.775	1.1177207588683185
0.78	1.1086339707725836
0.785	1.0991616741644905
0.79	1.0892891234821886
0.795	1.0790010101227716
0.8	1.068281441767567
0.805	1.0571139208665756
0.81	1.0454813222482398
0.8150000000000001	1.0333658698192247
0.8200000000000001	1.0204879080551919
0.8250000000000001	1.0048581011235906
0.8300000000000001	0.9887130925979071
0.835	0.9720386123474327
0.84	0.9548199545773518
0.845	0.9370419652040788
0.85	0.9186890288194497
0.855	0.8997450552305517
0.86	0.8801934655615029
0.865	0.8600171779030227
0.87	0.8391985924951295
0.875	0.8177195764277916
0.88	0.7955614478438195
0.885	0.7727049596277406
0.89	0.7491302825638204
0.895	0.7248169879458061
0.9	0.6997440296203499
0.905	0.6738897254454401
0.91	0.6472317381445014
0.915	0.6197470555361513
0.92	0.5914119701188867
0.925	0.5622020579892462
0.93	0.5320921570712311
0.935	0.5010563446339846
0.9400000000000001	0.46906791407391063
0.9450000000000001	0.43609935093657093
0.9500000000000001	0.40212230815282274
0.9550000000000001	0.36710758046275055
0.96	0.3310250780000056
0.965	0.2938437990081872
0.97	0.2555318016599036
0.975	0.21605617494807342
0.98	0.17538300861797135
0.985	0.13347736210737612
0.99	0.09030323246101517
0.995	0.04582352118428912
1.	0.