0.	0.
0.005	0.050332379884211076
0.01	0.0987994297118361
0.015	0.1454696368081887
0.02	0.1904089321830258
0.025	0.23368078938589326
0.03	0.27534631936654996
0.035	0.315464361507963
0.04	0.354091570992057
0.045	0.3912825026514181
0.05	0.42708969145348724
0.055	0.46156372975740917
0.06	0.4947533414776252
0.065	0.5267054532824862
0.07	0.5574652629506186
0.075	0.5870763050024708
0.08	0.6155805137194083
0.085	0.6430182836578846
0.09	0.6694285277615935
0.095	0.6948487331700892
0.1	0.7193150148181389
0.105	0.7428621669160368
0.11	0.7655237123972524
0.115	0.7873319504160947
0.12	0.8083180019745542
0.125	0.8285118537541069
0.13	0.8479424002250521
0.135	0.8666374841028591
0.14	0.8846239352180668
0.145	0.9019276078634471
0.15	0.9185734166794576
0.155	0.9345853711364199
0.16	0.9499866086694028
0.165	0.9647994265194156
0.17	0.9790453123322718
0.17500000000000002	0.9927449735643076
0.18	1.0059183657420827
0.185	1.018584719621199
0.19	1.0307625672874874
0.195	1.0424697672419871
0.2	1.0537235285094149
0.20500000000000002	1.0645404338081483
0.21	1.0749364618181574
0.215	1.0849270085817933
0.22	1.0945269080708784
0.225	1.103750451952141
0.23	1.1126114085816983
0.23500000000000001	1.121123041257999
0.24	1.1292981257614174
0.245	1.137148967207484
0.25	1.144687416239637
0.255	1.1519248845862657
0.26	1.1588723600057877
0.265	1.1655404206425006
0.27	1.1719392488149905
0.275	1.1780786442579538
0.28	1.1839680368374206
0.28500000000000003	1.1896164987584974
0.29	1.1950327562839569
0.295	1.2002252009812087
0.3	1.205201900514429
0.305	1.209970608997923
0.31	1.2145387769260814
0.315	1.2189135606946415
0.32	1.2231018317273128
0.325	1.2279692058501688
0.33	1.23478145264385
0.335	1.2413896352752594
0.34	1.247797520366863
0.34500000000000003	1.25400872712413
0.35000000000000003	1.2600267298508496
0.355	1.2658548603540263
0.36	1.2714963102404158
0.365	1.27695413310667
0.37	1.2822312466249677
0.375	1.2873304345258965
0.38	1.2922543484802849
0.385	1.297005509881564
0.39	1.301586311530174
0.395	1.305999019221421
0.4	1.3102457732381252
0.405	1.3143285897492953
0.41000000000000003	1.3182493621159979
0.41500000000000004	1.322009862105493
0.42	1.3256117410146409
0.425	1.3290565307034876
0.43	1.3323456445398782
0.435	1.3354803782558382
0.44	1.3384619107164257
0.445	1.3412913046016355
0.45	1.3439695070018987
0.455	1.3464973499276123
0.46	1.3488755507330903
0.465	1.3511047124552167
0.47000000000000003	1.3531853240670382
0.47500000000000003	1.355117760646436
0.48	1.3569022834599567
0.485	1.3585390399617947
0.49	1.3600280637078561
0.495	1.3613692741847478
0.5	1.3625624765534687
0.505	1.363607361307498
0.51	1.3645035038449067
0.515	1.3652503639540343
0.52	1.3658472852122012
0.525	1.3662934942968485
0.53	1.3665881002084181
0.535	1.3667300934042113
0.54	1.36671834484237
0.545	1.366551604935071
0.55	1.3662285024099095
0.555	1.365747543078395
0.56	1.3651071085103719
0.5650000000000001	1.3643054546131226
0.5700000000000001	1.3633407101137869
0.5750000000000001	1.362210874943681
0.58	1.3609138185229777
0.585	1.3594472779441484
0.59	1.35780885605244
0.595	1.3559960194215979
0.6	1.3540060962229317
0.605	1.3518362739857182
0.61	1.3494835972468473
0.615	1.346944965087507
0.62	1.3442171285545947
0.625	1.3412966879644395
0.63	1.338180090086302
0.635	1.3348636252030173
0.64	1.3313434240460138
0.645	1.3276154546018288
0.65	1.323675518787126
0.655	1.3195192489890797
0.66	1.3151421044678693
0.665	1.310539367617895
0.67	1.3057061400841883
0.675	1.3006373387303398
0.68	1.2953276914541454
0.685	1.2897717328469922
0.6900000000000001	1.2839637996928799
0.6950000000000001	1.2778980263027986
0.7000000000000001	1.2715683396800255
0.705	1.2649684545117363
0.71	1.258091867982155
0.715	1.2509318544022845
0.72	1.2434814596510768
0.725	1.2357334954227166
0.73	1.2276805332744927
0.735	1.2193148984695241
0.74	1.2106286636084165
0.745	1.2022141838178237
0.75	1.193788036621816
0.755	1.1850203972779025
0.76	1.1759009647894354
0.765	1.1664190838788093
0.77	1.156563734265296
0.775	1.1463235195571553
0.78	1.135686655745012
0.785	1.1246409592829978
0.79	1.1131738347436384
0.795	1.1012722620319266
0.8	1.0889227831434676
0.805	1.0761114884510021
0.81	1.062824002503017
0.8150000000000001	1.049045469317521
0.8200000000000001	1.0347605371534334
0.8250000000000001	1.0199533427413396
0.8300000000000001	1.004607494954694
0.835	0.9887060579018139
0.84	0.9722315334182532
0.845	0.9551658429383841
0.85	0.9374903087241793
0.855	0.9191856344283664
0.86	0.9002318849682418
0.865	0.8813986600434868
0.87	0.8625765762704568
0.875	0.8429976216242319
0.88	0.8226329700183764
0.885	0.8014527002352793
0.89	0.7794257535879325
0.895	0.7565198898458206
0.9	0.732701641351655
0.905	0.7079362652524331
0.91	0.6821876937648891
0.915	0.655418482391841
0.92	0.627589756002209
0.925	0.5986611526835806
0.93	0.5685907652721112
0.935	0.5373350804602867
0.9400000000000001	0.5048489153785971
0.9450000000000001	0.47108535154250003
0.9500000000000001	0.43599566605115414
0.9550000000000001	0.39952925991928356
0.96	0.3616335834181695
0.965	0.32225405829614734
0.97	0.2813339967431292
0.975	0.2388145169574868
0.98	0.19463535329018156
0.985	0.14873256973052115
0.99	0.10103863759013904
0.995	0.051484894403212036
1.	0.